>BTCTYCGGTTCS	12-BTCTYCGGTTCS	8.201164	-22.881301	0	T:9.0(22.50%),B:261.8(0.94%),P:1e-9
0.058	0.269	0.348	0.325
0.057	0.270	0.209	0.464
0.001	0.903	0.039	0.057
0.027	0.144	0.136	0.693
0.033	0.276	0.266	0.425
0.072	0.756	0.095	0.077
0.084	0.244	0.671	0.001
0.047	0.184	0.611	0.158
0.102	0.195	0.181	0.522
0.001	0.296	0.254	0.449
0.033	0.727	0.159	0.081
0.077	0.459	0.399	0.065
