>ASSAGKKCGRTG	1-ASSAGKKCGRTG	12.514935	-51.954360	0	T:7.0(17.50%),B:2.5(0.01%),P:1e-22	Tpos:91.3,Tstd:35.4,Bpos:109.7,Bstd:42.3,StrandBias:-0.4,Multiplicity:1.00
0.997	0.001	0.001	0.001
0.001	0.503	0.495	0.001
0.001	0.495	0.503	0.001
0.997	0.001	0.001	0.001
0.001	0.001	0.997	0.001
0.001	0.001	0.495	0.503
0.001	0.001	0.490	0.508
0.072	0.926	0.001	0.001
0.001	0.422	0.576	0.001
0.495	0.001	0.503	0.001
0.001	0.001	0.001	0.997
0.001	0.001	0.994	0.004
>GATRMAACKKMK	2-GATRMAACKKMK	9.869176	-50.332456	0	T:8.0(20.00%),B:7.1(0.02%),P:1e-21	Tpos:93.0,Tstd:28.9,Bpos:104.2,Bstd:35.9,StrandBias:0.7,Multiplicity:1.00
0.001	0.001	0.997	0.001
0.997	0.001	0.001	0.001
0.001	0.051	0.001	0.947
0.465	0.001	0.533	0.001
0.465	0.533	0.001	0.001
0.997	0.001	0.001	0.001
0.997	0.001	0.001	0.001
0.001	0.997	0.001	0.001
0.001	0.001	0.465	0.533
0.001	0.001	0.465	0.533
0.465	0.533	0.001	0.001
0.001	0.001	0.533	0.465
>GAAAGAGCTATC	3-GAAAGAGCTATC	12.180903	-49.646382	0	T:9.0(22.50%),B:17.1(0.05%),P:1e-21	Tpos:100.1,Tstd:59.0,Bpos:96.1,Bstd:49.8,StrandBias:-0.3,Multiplicity:1.00
0.001	0.395	0.603	0.001
0.814	0.001	0.001	0.184
0.814	0.001	0.184	0.001
0.997	0.001	0.001	0.001
0.001	0.184	0.814	0.001
0.997	0.001	0.001	0.001
0.001	0.001	0.997	0.001
0.001	0.603	0.395	0.001
0.184	0.001	0.001	0.814
0.604	0.184	0.001	0.211
0.184	0.001	0.001	0.814
0.001	0.997	0.001	0.001
>GTAGGCACGCCG	4-GTAGGCACGCCG	15.499861	-44.267233	0	T:7.0(17.50%),B:6.5(0.02%),P:1e-19	Tpos:106.7,Tstd:28.2,Bpos:34.0,Bstd:0.0,StrandBias:0.4,Multiplicity:1.00
0.001	0.001	0.997	0.001
0.001	0.001	0.001	0.997
0.997	0.001	0.001	0.001
0.001	0.001	0.997	0.001
0.001	0.001	0.997	0.001
0.001	0.997	0.001	0.001
0.997	0.001	0.001	0.001
0.001	0.997	0.001	0.001
0.001	0.001	0.997	0.001
0.001	0.666	0.332	0.001
0.001	0.997	0.001	0.001
0.001	0.001	0.997	0.001
>CCTGTGATGCGC	5-CCTGTGATGCGC	15.145765	-43.721426	0	T:6.0(15.00%),B:2.5(0.01%),P:1e-18	Tpos:111.2,Tstd:45.7,Bpos:183.0,Bstd:0.0,StrandBias:1.0,Multiplicity:1.00
0.001	0.997	0.001	0.001
0.001	0.997	0.001	0.001
0.001	0.001	0.001	0.997
0.001	0.001	0.997	0.001
0.001	0.001	0.001	0.997
0.001	0.001	0.997	0.001
0.997	0.001	0.001	0.001
0.001	0.233	0.001	0.765
0.001	0.001	0.997	0.001
0.001	0.997	0.001	0.001
0.001	0.001	0.997	0.001
0.001	0.997	0.001	0.001
>GTGGGGCCTGCG	6-GTGGGGCCTGCG	12.394728	-43.188969	0	T:7.0(17.50%),B:7.9(0.02%),P:1e-18	Tpos:75.3,Tstd:10.2,Bpos:96.9,Bstd:12.0,StrandBias:0.4,Multiplicity:1.00
0.001	0.001	0.997	0.001
0.001	0.001	0.359	0.639
0.220	0.220	0.559	0.001
0.001	0.001	0.997	0.001
0.200	0.220	0.579	0.001
0.219	0.001	0.779	0.001
0.001	0.779	0.001	0.219
0.001	0.639	0.359	0.001
0.001	0.001	0.167	0.831
0.001	0.001	0.997	0.001
0.001	0.831	0.167	0.001
0.001	0.167	0.831	0.001
>AGTAGAGGGAGG	7-AGTAGAGGGAGG	11.107742	-42.255039	0	T:7.0(17.50%),B:8.4(0.02%),P:1e-18	Tpos:52.7,Tstd:46.3,Bpos:139.0,Bstd:87.5,StrandBias:0.4,Multiplicity:1.00
0.997	0.001	0.001	0.001
0.001	0.001	0.934	0.064
0.001	0.001	0.001	0.997
0.997	0.001	0.001	0.001
0.001	0.064	0.934	0.001
0.997	0.001	0.001	0.001
0.001	0.001	0.997	0.001
0.001	0.001	0.997	0.001
0.001	0.001	0.997	0.001
0.997	0.001	0.001	0.001
0.001	0.001	0.997	0.001
0.001	0.001	0.997	0.001
>TTCGCAACACCC	8-TTCGCAACACCC	12.355432	-39.136555	0	T:5.0(12.50%),B:0.0(0.00%),P:1e-16	Tpos:72.2,Tstd:41.5,Bpos:0.0,Bstd:0.0,StrandBias:2.0,Multiplicity:1.00
0.100	0.100	0.100	0.700
0.100	0.100	0.100	0.700
0.100	0.700	0.100	0.100
0.100	0.100	0.700	0.100
0.100	0.700	0.100	0.100
0.700	0.100	0.100	0.100
0.700	0.100	0.100	0.100
0.100	0.700	0.100	0.100
0.700	0.100	0.100	0.100
0.100	0.700	0.100	0.100
0.100	0.700	0.100	0.100
0.100	0.700	0.100	0.100
>CTATTAGTGGGT	9-CTATTAGTGGGT	10.417786	-39.136555	0	T:5.0(12.50%),B:0.3(0.00%),P:1e-16	Tpos:45.8,Tstd:49.8,Bpos:49.0,Bstd:0.0,StrandBias:2.0,Multiplicity:1.00
0.001	0.997	0.001	0.001
0.001	0.001	0.127	0.871
0.997	0.001	0.001	0.001
0.001	0.001	0.001	0.997
0.001	0.001	0.001	0.997
0.997	0.001	0.001	0.001
0.001	0.001	0.997	0.001
0.001	0.127	0.001	0.871
0.001	0.001	0.997	0.001
0.001	0.001	0.997	0.001
0.001	0.001	0.997	0.001
0.001	0.001	0.127	0.871
>ATTGACGGAAGG	10-ATTGACGGAAGG	12.238340	-39.136555	0	T:5.0(12.50%),B:1.3(0.00%),P:1e-16	Tpos:49.4,Tstd:12.7,Bpos:138.0,Bstd:0.0,StrandBias:2.0,Multiplicity:1.00
0.765	0.001	0.233	0.001
0.001	0.001	0.001	0.997
0.233	0.001	0.001	0.765
0.001	0.001	0.997	0.001
0.997	0.001	0.001	0.001
0.001	0.997	0.001	0.001
0.001	0.001	0.997	0.001
0.001	0.001	0.997	0.001
0.765	0.001	0.001	0.233
0.997	0.001	0.001	0.001
0.001	0.001	0.997	0.001
0.001	0.001	0.997	0.001
>KCTMAAACTTWA	11-KCTMAAACTTWA	11.487514	-38.860434	0	T:7.0(17.50%),B:13.3(0.04%),P:1e-16	Tpos:74.3,Tstd:48.6,Bpos:64.9,Bstd:56.9,StrandBias:10.0,Multiplicity:1.00
0.001	0.001	0.495	0.503
0.001	0.997	0.001	0.001
0.001	0.001	0.001	0.997
0.422	0.504	0.073	0.001
0.576	0.422	0.001	0.001
0.997	0.001	0.001	0.001
0.997	0.001	0.001	0.001
0.001	0.997	0.001	0.001
0.422	0.001	0.001	0.576
0.001	0.001	0.001	0.997
0.495	0.001	0.001	0.503
0.997	0.001	0.001	0.001
>AKTTGACKSARC	12-AKTTGACKSARC	11.620553	-38.860434	0	T:7.0(17.50%),B:13.1(0.04%),P:1e-16	Tpos:91.1,Tstd:39.4,Bpos:53.7,Bstd:39.3,StrandBias:10.0,Multiplicity:1.00
0.976	0.001	0.022	0.001
0.179	0.001	0.338	0.482
0.001	0.001	0.001	0.997
0.160	0.001	0.338	0.501
0.001	0.160	0.838	0.001
0.997	0.001	0.001	0.001
0.001	0.997	0.001	0.001
0.022	0.001	0.500	0.477
0.001	0.476	0.522	0.001
0.997	0.001	0.001	0.001
0.478	0.001	0.338	0.183
0.001	0.815	0.006	0.178
>VAGGGAAACCTH	13-VAGGGAAACCTH	11.931998	-37.709869	0	T:8.0(20.00%),B:34.8(0.10%),P:1e-16	Tpos:101.5,Tstd:50.0,Bpos:97.6,Bstd:70.0,StrandBias:1.6,Multiplicity:1.00
0.323	0.358	0.318	0.001
0.636	0.323	0.001	0.040
0.001	0.001	0.997	0.001
0.001	0.001	0.997	0.001
0.001	0.001	0.997	0.001
0.997	0.001	0.001	0.001
0.997	0.001	0.001	0.001
0.958	0.001	0.001	0.040
0.001	0.681	0.001	0.317
0.001	0.681	0.001	0.317
0.317	0.001	0.001	0.681
0.318	0.364	0.001	0.318
>GGAYGRCGGGCG	14-GGAYGRCGGGCG	13.776441	-36.414389	0	T:8.0(20.00%),B:40.8(0.11%),P:1e-15	Tpos:120.4,Tstd:68.7,Bpos:92.1,Bstd:59.1,StrandBias:0.0,Multiplicity:1.00
0.001	0.001	0.636	0.362
0.001	0.001	0.997	0.001
0.808	0.001	0.190	0.001
0.001	0.363	0.191	0.446
0.001	0.001	0.997	0.001
0.445	0.001	0.553	0.001
0.001	0.997	0.001	0.001
0.001	0.001	0.997	0.001
0.001	0.001	0.997	0.001
0.001	0.001	0.997	0.001
0.001	0.997	0.001	0.001
0.001	0.001	0.997	0.001
>TCCMTCTCCSGA	15-TCCMTCTCCSGA	11.966431	-36.397276	0	T:10.0(25.00%),B:124.9(0.34%),P:1e-15	Tpos:138.1,Tstd:45.9,Bpos:116.8,Bstd:66.6,StrandBias:1.2,Multiplicity:1.00
0.001	0.192	0.001	0.806
0.001	0.997	0.001	0.001
0.192	0.806	0.001	0.001
0.520	0.453	0.001	0.026
0.198	0.026	0.001	0.775
0.001	0.997	0.001	0.001
0.001	0.001	0.001	0.997
0.001	0.997	0.001	0.001
0.001	0.997	0.001	0.001
0.193	0.353	0.453	0.001
0.001	0.001	0.677	0.321
0.677	0.001	0.321	0.001
>GTACCTCCAGGA	16-GTACCTCCAGGA	12.478350	-34.702542	0	T:6.0(15.00%),B:9.0(0.02%),P:1e-15	Tpos:72.8,Tstd:23.1,Bpos:94.7,Bstd:87.7,StrandBias:1.0,Multiplicity:1.00
0.001	0.001	0.997	0.001
0.001	0.127	0.001	0.871
0.997	0.001	0.001	0.001
0.001	0.997	0.001	0.001
0.001	0.997	0.001	0.001
0.127	0.001	0.001	0.871
0.001	0.997	0.001	0.001
0.001	0.997	0.001	0.001
0.997	0.001	0.001	0.001
0.001	0.001	0.997	0.001
0.001	0.001	0.997	0.001
0.997	0.001	0.001	0.001
>GYWGATGKATGW	17-GYWGATGKATGW	11.211561	-33.500113	0	T:6.0(15.00%),B:11.2(0.03%),P:1e-14	Tpos:81.2,Tstd:43.2,Bpos:96.6,Bstd:41.1,StrandBias:1.0,Multiplicity:1.00
0.001	0.001	0.997	0.001
0.001	0.502	0.031	0.466
0.497	0.001	0.001	0.501
0.001	0.001	0.997	0.001
0.967	0.001	0.001	0.031
0.001	0.001	0.031	0.967
0.001	0.001	0.997	0.001
0.001	0.001	0.465	0.533
0.931	0.001	0.001	0.067
0.001	0.001	0.001	0.997
0.001	0.001	0.997	0.001
0.465	0.001	0.001	0.533
>TAWGATKGRAAA	18-TAWGATKGRAAA	9.961717	-32.055533	0	T:6.0(15.00%),B:14.0(0.04%),P:1e-13	Tpos:62.0,Tstd:54.4,Bpos:122.2,Bstd:62.6,StrandBias:1.0,Multiplicity:1.00
0.001	0.001	0.001	0.997
0.997	0.001	0.001	0.001
0.465	0.001	0.001	0.533
0.001	0.001	0.997	0.001
0.931	0.001	0.067	0.001
0.001	0.001	0.001	0.997
0.001	0.001	0.465	0.533
0.001	0.001	0.997	0.001
0.466	0.068	0.466	0.001
0.997	0.001	0.001	0.001
0.997	0.001	0.001	0.001
0.997	0.001	0.001	0.001
>TGTCTCTCCATG	19-TGTCTCTCCATG	12.355432	-30.604080	0	T:4.0(10.00%),B:1.0(0.00%),P:1e-13	Tpos:95.2,Tstd:9.3,Bpos:121.0,Bstd:34.0,StrandBias:10.0,Multiplicity:1.00
0.100	0.100	0.100	0.700
0.100	0.100	0.700	0.100
0.100	0.100	0.100	0.700
0.100	0.700	0.100	0.100
0.100	0.100	0.100	0.700
0.100	0.700	0.100	0.100
0.100	0.100	0.100	0.700
0.100	0.700	0.100	0.100
0.100	0.700	0.100	0.100
0.700	0.100	0.100	0.100
0.100	0.100	0.100	0.700
0.100	0.100	0.700	0.100
>CGGCCTSTYGAC	20-CGGCCTSTYGAC	11.487514	-29.411792	0	T:5.0(12.50%),B:7.1(0.02%),P:1e-12	Tpos:163.7,Tstd:14.2,Bpos:49.5,Bstd:86.1,StrandBias:10.0,Multiplicity:1.20
0.001	0.997	0.001	0.001
0.001	0.001	0.997	0.001
0.001	0.001	0.997	0.001
0.001	0.576	0.001	0.422
0.001	0.997	0.001	0.001
0.001	0.001	0.001	0.997
0.001	0.495	0.503	0.001
0.001	0.001	0.001	0.997
0.001	0.495	0.001	0.503
0.001	0.001	0.997	0.001
0.576	0.001	0.001	0.422
0.073	0.925	0.001	0.001
>AAGCCTGGCTTG	21-AAGCCTGGCTTG	10.114248	-28.484214	0	T:9.0(22.50%),B:181.3(0.50%),P:1e-12	Tpos:77.8,Tstd:50.8,Bpos:102.8,Bstd:70.7,StrandBias:0.2,Multiplicity:1.00
0.899	0.001	0.099	0.001
0.533	0.283	0.084	0.100
0.199	0.199	0.502	0.100
0.099	0.899	0.001	0.001
0.001	0.899	0.099	0.001
0.318	0.169	0.001	0.512
0.001	0.001	0.997	0.001
0.099	0.099	0.801	0.001
0.083	0.915	0.001	0.001
0.001	0.001	0.234	0.764
0.001	0.169	0.099	0.731
0.001	0.168	0.830	0.001
>ACCCGGMCMGGA	22-ACCCGGMCMGGA	12.773195	-26.211207	0	T:4.0(10.00%),B:3.1(0.01%),P:1e-11	Tpos:117.2,Tstd:12.7,Bpos:140.4,Bstd:28.1,StrandBias:10.0,Multiplicity:1.00
0.655	0.181	0.163	0.001
0.001	0.873	0.125	0.001
0.413	0.585	0.001	0.001
0.001	0.739	0.259	0.001
0.096	0.001	0.902	0.001
0.001	0.126	0.777	0.096
0.414	0.422	0.163	0.001
0.001	0.997	0.001	0.001
0.414	0.405	0.181	0.001
0.001	0.001	0.997	0.001
0.001	0.125	0.873	0.001
0.818	0.001	0.180	0.001
>YTTGCCTTGCCT	23-YTTGCCTTGCCT	14.912219	-16.089118	0	T:3.0(7.50%),B:8.8(0.02%),P:1e-6	Tpos:92.3,Tstd:22.2,Bpos:97.9,Bstd:40.3,StrandBias:10.0,Multiplicity:1.00
0.001	0.484	0.001	0.514
0.001	0.001	0.001	0.997
0.001	0.001	0.035	0.963
0.001	0.001	0.997	0.001
0.001	0.997	0.001	0.001
0.001	0.997	0.001	0.001
0.001	0.001	0.001	0.997
0.001	0.001	0.039	0.959
0.001	0.001	0.997	0.001
0.409	0.589	0.001	0.001
0.001	0.997	0.001	0.001
0.001	0.001	0.001	0.997
>ACACASAGAGWG	24-ACACASAGAGWG	12.060051	-13.340214	0	T:4.0(10.00%),B:76.9(0.21%),P:1e-5	Tpos:111.4,Tstd:35.2,Bpos:98.0,Bstd:84.9,StrandBias:2.8,Multiplicity:1.50
0.684	0.314	0.001	0.001
0.245	0.690	0.064	0.001
0.997	0.001	0.001	0.001
0.001	0.772	0.226	0.001
0.685	0.241	0.073	0.001
0.073	0.444	0.481	0.001
0.936	0.001	0.001	0.062
0.001	0.306	0.692	0.001
0.875	0.001	0.058	0.066
0.001	0.133	0.865	0.001
0.535	0.001	0.001	0.463
0.098	0.075	0.826	0.001
>ACACACACACAG	25-ACACACACACAG	12.355432	-5.905207	0	T:2.0(5.00%),B:70.2(0.19%),P:1e-2	Tpos:157.0,Tstd:6.0,Bpos:98.2,Bstd:73.9,StrandBias:10.0,Multiplicity:1.00
0.700	0.100	0.100	0.100
0.100	0.700	0.100	0.100
0.700	0.100	0.100	0.100
0.100	0.700	0.100	0.100
0.700	0.100	0.100	0.100
0.100	0.700	0.100	0.100
0.700	0.100	0.100	0.100
0.100	0.700	0.100	0.100
0.700	0.100	0.100	0.100
0.100	0.700	0.100	0.100
0.700	0.100	0.100	0.100
0.100	0.100	0.700	0.100
