>GCCGAATT	1-GCCGAATT	8.077814	-44.945365	0	T:16.0(40.00%),B:362.5(1.30%),P:1e-19	Tpos:92.4,Tstd:53.2,Bpos:112.4,Bstd:127.3,StrandBias:3.9,Multiplicity:1.00
0.025	0.001	0.973	0.001
0.025	0.684	0.001	0.290
0.001	0.896	0.001	0.102
0.001	0.001	0.997	0.001
0.714	0.001	0.284	0.001
0.482	0.294	0.223	0.001
0.001	0.001	0.001	0.997
0.001	0.066	0.001	0.932
>GTCCTCGT	2-GTCCTCGT	8.231346	-32.642001	0	T:18.0(45.00%),B:1162.5(4.17%),P:1e-14	Tpos:120.9,Tstd:65.3,Bpos:98.7,Bstd:133.0,StrandBias:4.1,Multiplicity:1.00
0.001	0.360	0.566	0.073
0.001	0.067	0.026	0.906
0.001	0.973	0.001	0.025
0.163	0.679	0.157	0.001
0.001	0.366	0.001	0.632
0.001	0.926	0.072	0.001
0.001	0.163	0.546	0.290
0.001	0.001	0.001	0.997
>GTCGCCTC	3-GTCGCCTC	8.236954	-28.300370	0	T:12.0(30.00%),B:420.1(1.51%),P:1e-12	Tpos:94.4,Tstd:38.8,Bpos:105.4,Bstd:146.7,StrandBias:10.0,Multiplicity:1.00
0.100	0.100	0.700	0.100
0.100	0.100	0.100	0.700
0.100	0.700	0.100	0.100
0.100	0.100	0.700	0.100
0.100	0.700	0.100	0.100
0.100	0.700	0.100	0.100
0.100	0.100	0.100	0.700
0.100	0.700	0.100	0.100
>GTCACCCG	4-GTCACCCG	8.183026	-27.279153	0	T:18.0(45.00%),B:1595.9(5.72%),P:1e-11	Tpos:70.1,Tstd:50.1,Bpos:96.9,Bstd:132.0,StrandBias:0.7,Multiplicity:1.00
0.186	0.001	0.766	0.047
0.001	0.136	0.270	0.593
0.001	0.997	0.001	0.001
0.640	0.159	0.001	0.200
0.001	0.997	0.001	0.001
0.001	0.753	0.245	0.001
0.016	0.982	0.001	0.001
0.001	0.071	0.818	0.110
>GAGCGATC	5-GAGCGATC	8.768020	-27.115101	0	T:17.0(42.50%),B:1370.4(4.91%),P:1e-11	Tpos:119.7,Tstd:47.1,Bpos:101.0,Bstd:156.1,StrandBias:-0.2,Multiplicity:1.00
0.001	0.001	0.997	0.001
0.997	0.001	0.001	0.001
0.001	0.001	0.997	0.001
0.001	0.997	0.001	0.001
0.001	0.001	0.997	0.001
0.531	0.123	0.345	0.001
0.001	0.045	0.188	0.766
0.001	0.997	0.001	0.001
>AMYCKCCA	6-AMYCKCCA	6.138404	-26.828025	0	T:17.0(42.50%),B:1395.5(5.00%),P:1e-11	Tpos:106.8,Tstd:48.8,Bpos:99.3,Bstd:120.5,StrandBias:-2.2,Multiplicity:1.13
0.997	0.001	0.001	0.001
0.472	0.526	0.001	0.001
0.001	0.514	0.001	0.484
0.001	0.997	0.001	0.001
0.001	0.001	0.487	0.511
0.001	0.997	0.001	0.001
0.001	0.943	0.055	0.001
0.997	0.001	0.001	0.001
>GGCCGGAC	7-GGCCGGAC	7.311610	-24.552675	0	T:22.0(55.00%),B:3155.4(11.31%),P:1e-10	Tpos:96.3,Tstd:58.2,Bpos:106.3,Bstd:146.0,StrandBias:-1.1,Multiplicity:1.45
0.001	0.001	0.997	0.001
0.001	0.001	0.997	0.001
0.389	0.546	0.001	0.064
0.001	0.997	0.001	0.001
0.001	0.071	0.927	0.001
0.001	0.001	0.997	0.001
0.607	0.001	0.001	0.391
0.001	0.997	0.001	0.001
>GGTCCGCA	8-GGTCCGCA	8.312040	-23.484638	0	T:14.0(35.00%),B:1010.2(3.62%),P:1e-10	Tpos:113.6,Tstd:58.6,Bpos:103.5,Bstd:120.2,StrandBias:-0.8,Multiplicity:1.00
0.001	0.001	0.997	0.001
0.001	0.001	0.997	0.001
0.246	0.001	0.001	0.752
0.001	0.997	0.001	0.001
0.001	0.900	0.098	0.001
0.001	0.001	0.856	0.142
0.001	0.997	0.001	0.001
0.997	0.001	0.001	0.001
>CGTCTTCG	9-CGTCTTCG	8.776688	-22.361924	0	T:9.0(22.50%),B:277.4(0.99%),P:1e-9	Tpos:74.3,Tstd:30.2,Bpos:102.2,Bstd:97.2,StrandBias:0.3,Multiplicity:1.00
0.001	0.997	0.001	0.001
0.001	0.001	0.897	0.101
0.001	0.001	0.001	0.997
0.001	0.997	0.001	0.001
0.001	0.001	0.001	0.997
0.001	0.001	0.001	0.997
0.001	0.997	0.001	0.001
0.001	0.001	0.997	0.001
>TGCGGAGT	10-TGCGGAGT	8.236954	-21.582576	0	T:7.0(17.50%),B:119.2(0.43%),P:1e-9	Tpos:167.0,Tstd:19.0,Bpos:96.9,Bstd:103.3,StrandBias:10.0,Multiplicity:1.00
0.100	0.100	0.100	0.700
0.100	0.100	0.700	0.100
0.100	0.700	0.100	0.100
0.100	0.100	0.700	0.100
0.100	0.100	0.700	0.100
0.700	0.100	0.100	0.100
0.100	0.100	0.700	0.100
0.100	0.100	0.100	0.700
>TTCCCGCT	11-TTCCCGCT	8.738478	-20.265623	0	T:10.0(25.00%),B:494.3(1.77%),P:1e-8	Tpos:112.4,Tstd:39.0,Bpos:102.8,Bstd:89.0,StrandBias:0.3,Multiplicity:1.10
0.001	0.001	0.001	0.997
0.001	0.001	0.001	0.997
0.001	0.997	0.001	0.001
0.001	0.997	0.001	0.001
0.001	0.997	0.001	0.001
0.100	0.046	0.602	0.252
0.161	0.837	0.001	0.001
0.001	0.001	0.001	0.997
>GATCCTTW	12-GATCCTTW	7.883691	-18.909633	0	T:5.0(12.50%),B:45.0(0.16%),P:1e-8	Tpos:123.6,Tstd:45.2,Bpos:102.4,Bstd:80.8,StrandBias:2.0,Multiplicity:1.00
0.273	0.001	0.725	0.001
0.691	0.001	0.166	0.142
0.001	0.006	0.001	0.992
0.001	0.857	0.001	0.141
0.001	0.987	0.011	0.001
0.156	0.001	0.215	0.628
0.001	0.165	0.001	0.833
0.489	0.156	0.001	0.354
>AGAGAGCC	13-AGAGAGCC	8.991404	-18.745879	0	T:10.0(25.00%),B:580.8(2.08%),P:1e-8	Tpos:104.8,Tstd:41.6,Bpos:94.2,Bstd:111.8,StrandBias:1.9,Multiplicity:1.40
0.997	0.001	0.001	0.001
0.001	0.001	0.997	0.001
0.997	0.001	0.001	0.001
0.001	0.159	0.839	0.001
0.997	0.001	0.001	0.001
0.001	0.001	0.997	0.001
0.213	0.785	0.001	0.001
0.001	0.997	0.001	0.001
>GCCCCCCC	14-GCCCCCCC	9.035071	-15.779107	0	T:17.0(42.50%),B:2873.8(10.30%),P:1e-6	Tpos:95.7,Tstd:63.4,Bpos:94.6,Bstd:134.8,StrandBias:-1.0,Multiplicity:1.24
0.001	0.001	0.701	0.297
0.001	0.997	0.001	0.001
0.186	0.812	0.001	0.001
0.001	0.997	0.001	0.001
0.001	0.997	0.001	0.001
0.001	0.997	0.001	0.001
0.001	0.997	0.001	0.001
0.001	0.997	0.001	0.001
>GTTACGGA	15-GTTACGGA	4.117123	-14.784937	0	T:9.0(22.50%),B:672.1(2.41%),P:1e-6	Tpos:78.1,Tstd:54.0,Bpos:99.1,Bstd:136.0,StrandBias:0.3,Multiplicity:1.00
0.001	0.001	0.997	0.001
0.001	0.001	0.001	0.997
0.001	0.026	0.001	0.972
0.805	0.001	0.001	0.193
0.001	0.992	0.006	0.001
0.001	0.149	0.849	0.001
0.001	0.001	0.997	0.001
0.989	0.001	0.001	0.009
>GACGCCCT	16-GACGCCCT	8.236954	-14.522264	0	T:7.0(17.50%),B:337.2(1.21%),P:1e-6	Tpos:107.1,Tstd:53.9,Bpos:97.5,Bstd:134.6,StrandBias:-1.3,Multiplicity:1.00
0.100	0.100	0.700	0.100
0.700	0.100	0.100	0.100
0.100	0.700	0.100	0.100
0.100	0.100	0.700	0.100
0.100	0.700	0.100	0.100
0.100	0.700	0.100	0.100
0.100	0.700	0.100	0.100
0.100	0.100	0.100	0.700
>CCCCCCKH	17-CCCCCCKH	8.240810	-14.380553	0	T:15.0(37.50%),B:2417.4(8.66%),P:1e-6	Tpos:112.0,Tstd:58.6,Bpos:99.8,Bstd:140.3,StrandBias:-0.4,Multiplicity:1.40
0.001	0.932	0.001	0.066
0.003	0.953	0.001	0.043
0.049	0.949	0.001	0.001
0.066	0.877	0.001	0.056
0.001	0.750	0.186	0.063
0.001	0.782	0.216	0.001
0.001	0.133	0.396	0.470
0.419	0.284	0.001	0.296
>YTTTTAAA	18-YTTTTAAA	9.523989	-13.925857	0	T:4.0(10.00%),B:50.2(0.18%),P:1e-6	Tpos:108.5,Tstd:60.2,Bpos:118.0,Bstd:52.0,StrandBias:1.6,Multiplicity:1.00
0.001	0.493	0.001	0.505
0.001	0.244	0.001	0.754
0.001	0.001	0.001	0.997
0.001	0.001	0.001	0.997
0.248	0.001	0.001	0.750
0.740	0.001	0.001	0.258
0.997	0.001	0.001	0.001
0.997	0.001	0.001	0.001
>GCGGGGGA	19-GCGGGGGA	9.135801	-13.519304	0	T:19.0(47.50%),B:4222.8(15.14%),P:1e-5	Tpos:107.8,Tstd:64.5,Bpos:98.4,Bstd:136.5,StrandBias:-1.3,Multiplicity:1.33
0.001	0.001	0.997	0.001
0.183	0.815	0.001	0.001
0.001	0.001	0.997	0.001
0.001	0.001	0.997	0.001
0.001	0.001	0.997	0.001
0.001	0.001	0.997	0.001
0.210	0.001	0.788	0.001
0.997	0.001	0.001	0.001
>TCCTGTGG	20-TCCTGTGG	5.047135	-11.696568	0	T:11.0(27.50%),B:1557.4(5.58%),P:1e-5	Tpos:90.1,Tstd:52.7,Bpos:95.7,Bstd:99.5,StrandBias:1.4,Multiplicity:1.64
0.001	0.010	0.001	0.988
0.001	0.997	0.001	0.001
0.001	0.997	0.001	0.001
0.001	0.001	0.001	0.997
0.083	0.366	0.550	0.001
0.001	0.001	0.001	0.997
0.001	0.001	0.691	0.307
0.048	0.001	0.950	0.001
