>GTCTCACTCA	1-GTCTCACTCA	9.899512	-40.154381	0	T:11.0(27.50%),B:103.6(0.37%),P:1e-17	Tpos:64.6,Tstd:45.5,Bpos:113.9,Bstd:94.1,StrandBias:-0.8,Multiplicity:1.00
0.001	0.001	0.997	0.001
0.001	0.001	0.001	0.997
0.001	0.997	0.001	0.001
0.001	0.001	0.001	0.997
0.001	0.997	0.001	0.001
0.788	0.140	0.001	0.071
0.001	0.997	0.001	0.001
0.001	0.001	0.139	0.859
0.001	0.997	0.001	0.001
0.997	0.001	0.001	0.001
>GGAAACGAAT	2-GGAAACGAAT	10.873702	-38.671907	0	T:8.0(20.00%),B:23.4(0.08%),P:1e-16	Tpos:77.6,Tstd:51.1,Bpos:127.8,Bstd:64.6,StrandBias:-2.8,Multiplicity:1.00
0.001	0.001	0.997	0.001
0.001	0.001	0.997	0.001
0.847	0.001	0.151	0.001
0.886	0.112	0.001	0.001
0.548	0.296	0.001	0.155
0.001	0.997	0.001	0.001
0.001	0.112	0.886	0.001
0.997	0.001	0.001	0.001
0.843	0.155	0.001	0.001
0.145	0.001	0.307	0.547
>CCCGTCGCCT	3-CCCGTCGCCT	11.545539	-35.451794	0	T:12.0(30.00%),B:228.4(0.82%),P:1e-15	Tpos:83.3,Tstd:31.3,Bpos:94.2,Bstd:161.6,StrandBias:3.5,Multiplicity:1.00
0.001	0.997	0.001	0.001
0.197	0.801	0.001	0.001
0.001	0.997	0.001	0.001
0.001	0.001	0.997	0.001
0.001	0.001	0.001	0.997
0.001	0.997	0.001	0.001
0.001	0.001	0.997	0.001
0.001	0.997	0.001	0.001
0.001	0.997	0.001	0.001
0.001	0.001	0.126	0.872
>GCGTCGGGTG	4-GCGTCGGGTG	10.910758	-34.682347	0	T:15.0(37.50%),B:560.8(2.01%),P:1e-15	Tpos:67.3,Tstd:49.1,Bpos:90.8,Bstd:155.5,StrandBias:1.5,Multiplicity:1.00
0.001	0.001	0.997	0.001
0.001	0.903	0.095	0.001
0.001	0.001	0.997	0.001
0.001	0.001	0.165	0.833
0.001	0.799	0.199	0.001
0.001	0.001	0.997	0.001
0.001	0.001	0.997	0.001
0.001	0.001	0.997	0.001
0.001	0.157	0.001	0.841
0.001	0.001	0.997	0.001
>GAGTCCCCGT	5-GAGTCCCCGT	12.537619	-33.873888	0	T:8.0(20.00%),B:42.2(0.15%),P:1e-14	Tpos:122.3,Tstd:48.2,Bpos:73.7,Bstd:130.6,StrandBias:10.0,Multiplicity:1.50
0.001	0.001	0.997	0.001
0.997	0.001	0.001	0.001
0.001	0.001	0.997	0.001
0.001	0.001	0.001	0.997
0.001	0.725	0.001	0.273
0.001	0.997	0.001	0.001
0.001	0.997	0.001	0.001
0.001	0.997	0.001	0.001
0.001	0.001	0.997	0.001
0.001	0.001	0.001	0.997
>TCTGGCSGTC	6-TCTGGCSGTC	8.762197	-33.730032	0	T:15.0(37.50%),B:598.5(2.15%),P:1e-14	Tpos:89.8,Tstd:53.9,Bpos:117.9,Bstd:125.8,StrandBias:1.4,Multiplicity:1.00
0.001	0.162	0.079	0.758
0.001	0.889	0.056	0.054
0.001	0.332	0.140	0.527
0.001	0.154	0.782	0.063
0.001	0.001	0.745	0.253
0.061	0.696	0.184	0.059
0.184	0.399	0.316	0.101
0.001	0.004	0.994	0.001
0.001	0.182	0.205	0.612
0.001	0.826	0.056	0.117
>AGAGCGAGCS	7-AGAGCGAGCS	11.080439	-32.267440	0	T:11.0(27.50%),B:213.2(0.76%),P:1e-14	Tpos:103.3,Tstd:34.4,Bpos:88.6,Bstd:99.9,StrandBias:-0.8,Multiplicity:1.00
0.610	0.157	0.232	0.001
0.001	0.232	0.766	0.001
0.997	0.001	0.001	0.001
0.001	0.001	0.997	0.001
0.301	0.541	0.157	0.001
0.001	0.001	0.997	0.001
0.997	0.001	0.001	0.001
0.001	0.001	0.997	0.001
0.001	0.997	0.001	0.001
0.001	0.448	0.550	0.001
>CCCGCGAGGG	8-CCCGCGAGGG	9.651017	-32.196637	0	T:19.0(47.50%),B:1406.7(5.04%),P:1e-13	Tpos:94.3,Tstd:54.6,Bpos:98.6,Bstd:144.4,StrandBias:-0.3,Multiplicity:1.26
0.048	0.921	0.030	0.001
0.001	0.997	0.001	0.001
0.040	0.903	0.056	0.001
0.001	0.033	0.965	0.001
0.041	0.957	0.001	0.001
0.001	0.001	0.801	0.197
0.569	0.023	0.373	0.035
0.001	0.001	0.997	0.001
0.001	0.001	0.997	0.001
0.001	0.001	0.997	0.001
>CGRAGASGGA	9-CGRAGASGGA	7.547364	-27.709020	0	T:21.0(52.50%),B:2379.1(8.53%),P:1e-12	Tpos:105.8,Tstd:49.8,Bpos:98.5,Bstd:133.4,StrandBias:0.3,Multiplicity:1.19
0.001	0.997	0.001	0.001
0.001	0.001	0.997	0.001
0.427	0.001	0.571	0.001
0.818	0.001	0.001	0.180
0.001	0.001	0.997	0.001
0.554	0.001	0.123	0.322
0.001	0.476	0.343	0.181
0.001	0.001	0.997	0.001
0.001	0.122	0.876	0.001
0.892	0.001	0.106	0.001
>TCCCTCGGGK	10-TCCCTCGGGK	10.855098	-27.474887	0	T:12.0(30.00%),B:451.1(1.62%),P:1e-11	Tpos:99.1,Tstd:60.8,Bpos:96.3,Bstd:119.2,StrandBias:2.3,Multiplicity:1.00
0.001	0.267	0.221	0.511
0.001	0.997	0.001	0.001
0.001	0.934	0.064	0.001
0.001	0.997	0.001	0.001
0.001	0.279	0.001	0.719
0.001	0.997	0.001	0.001
0.001	0.335	0.663	0.001
0.001	0.001	0.997	0.001
0.001	0.001	0.997	0.001
0.001	0.001	0.430	0.568
>ATGGRTCCGA	11-ATGGRTCCGA	11.292661	-26.282108	0	T:5.0(12.50%),B:10.8(0.04%),P:1e-11	Tpos:65.6,Tstd:63.0,Bpos:97.4,Bstd:39.2,StrandBias:0.6,Multiplicity:1.00
0.879	0.001	0.001	0.119
0.330	0.001	0.120	0.549
0.001	0.001	0.997	0.001
0.001	0.001	0.997	0.001
0.508	0.001	0.490	0.001
0.001	0.001	0.001	0.997
0.001	0.997	0.001	0.001
0.001	0.997	0.001	0.001
0.268	0.240	0.491	0.001
0.669	0.329	0.001	0.001
>GGCCCGTCGT	12-GGCCCGTCGT	10.296193	-24.165817	0	T:6.0(15.00%),B:40.1(0.14%),P:1e-10	Tpos:72.8,Tstd:79.6,Bpos:134.9,Bstd:133.5,StrandBias:10.0,Multiplicity:1.00
0.100	0.100	0.700	0.100
0.100	0.100	0.700	0.100
0.100	0.700	0.100	0.100
0.100	0.700	0.100	0.100
0.100	0.700	0.100	0.100
0.100	0.100	0.700	0.100
0.100	0.100	0.100	0.700
0.100	0.700	0.100	0.100
0.100	0.100	0.700	0.100
0.100	0.100	0.100	0.700
>TGCGGGGCCT	13-TGCGGGGCCT	7.247236	-20.843594	0	T:8.0(20.00%),B:219.8(0.79%),P:1e-9	Tpos:58.8,Tstd:44.0,Bpos:105.2,Bstd:152.3,StrandBias:0.7,Multiplicity:1.00
0.001	0.001	0.001	0.997
0.001	0.001	0.997	0.001
0.001	0.997	0.001	0.001
0.001	0.001	0.997	0.001
0.001	0.001	0.887	0.111
0.001	0.001	0.997	0.001
0.001	0.001	0.997	0.001
0.001	0.887	0.001	0.111
0.001	0.997	0.001	0.001
0.111	0.001	0.001	0.887
>CGCGATCCYT	14-CGCGATCCYT	10.297112	-19.662932	0	T:8.0(20.00%),B:255.2(0.91%),P:1e-8	Tpos:153.2,Tstd:36.1,Bpos:92.6,Bstd:116.1,StrandBias:1.6,Multiplicity:1.00
0.001	0.997	0.001	0.001
0.001	0.001	0.997	0.001
0.357	0.641	0.001	0.001
0.001	0.001	0.997	0.001
0.808	0.001	0.190	0.001
0.001	0.357	0.001	0.641
0.001	0.997	0.001	0.001
0.001	0.632	0.366	0.001
0.001	0.557	0.001	0.441
0.001	0.001	0.001	0.997
>GCAACCTCCA	15-GCAACCTCCA	12.284733	-19.507545	0	T:5.0(12.50%),B:39.6(0.14%),P:1e-8	Tpos:101.4,Tstd:39.9,Bpos:82.2,Bstd:109.4,StrandBias:2.0,Multiplicity:1.00
0.001	0.001	0.997	0.001
0.001	0.997	0.001	0.001
0.786	0.001	0.212	0.001
0.997	0.001	0.001	0.001
0.001	0.997	0.001	0.001
0.001	0.997	0.001	0.001
0.001	0.001	0.001	0.997
0.001	0.997	0.001	0.001
0.001	0.997	0.001	0.001
0.997	0.001	0.001	0.001
>CCGTCCCGCC	16-CCGTCCCGCC	11.610278	-18.800850	0	T:9.0(22.50%),B:418.5(1.50%),P:1e-8	Tpos:96.2,Tstd:51.7,Bpos:97.8,Bstd:125.6,StrandBias:3.3,Multiplicity:1.22
0.001	0.997	0.001	0.001
0.001	0.890	0.001	0.108
0.001	0.001	0.997	0.001
0.001	0.001	0.001	0.997
0.001	0.997	0.001	0.001
0.001	0.997	0.001	0.001
0.001	0.997	0.001	0.001
0.001	0.001	0.997	0.001
0.001	0.997	0.001	0.001
0.001	0.997	0.001	0.001
>GGGGGTGGAG	17-GGGGGTGGAG	10.250170	-17.926083	0	T:9.0(22.50%),B:463.8(1.66%),P:1e-7	Tpos:102.2,Tstd:59.9,Bpos:95.9,Bstd:124.0,StrandBias:1.8,Multiplicity:1.00
0.001	0.078	0.920	0.001
0.001	0.001	0.997	0.001
0.001	0.001	0.997	0.001
0.001	0.001	0.997	0.001
0.001	0.001	0.997	0.001
0.001	0.001	0.217	0.781
0.138	0.001	0.860	0.001
0.001	0.001	0.997	0.001
0.997	0.001	0.001	0.001
0.001	0.001	0.997	0.001
>CAGTGGTTGT	18-CAGTGGTTGT	10.296193	-16.687322	0	T:3.0(7.50%),B:5.9(0.02%),P:1e-7	Tpos:145.3,Tstd:26.1,Bpos:151.9,Bstd:21.0,StrandBias:10.0,Multiplicity:1.00
0.100	0.700	0.100	0.100
0.700	0.100	0.100	0.100
0.100	0.100	0.700	0.100
0.100	0.100	0.100	0.700
0.100	0.100	0.700	0.100
0.100	0.100	0.700	0.100
0.100	0.100	0.100	0.700
0.100	0.100	0.100	0.700
0.100	0.100	0.700	0.100
0.100	0.100	0.100	0.700
>CYTTTTTWWA	19-CYTTTTTWWA	6.073257	-16.629713	0	T:6.0(15.00%),B:143.7(0.52%),P:1e-7	Tpos:102.3,Tstd:53.5,Bpos:101.2,Bstd:82.2,StrandBias:1.2,Multiplicity:1.00
0.422	0.576	0.001	0.001
0.005	0.423	0.150	0.423
0.422	0.001	0.001	0.576
0.001	0.001	0.123	0.875
0.001	0.001	0.001	0.997
0.001	0.001	0.001	0.997
0.001	0.001	0.001	0.997
0.422	0.124	0.001	0.453
0.552	0.025	0.001	0.422
0.997	0.001	0.001	0.001
>CGTCTCGAGG	20-CGTCTCGAGG	10.296193	-16.516800	0	T:4.0(10.00%),B:26.7(0.10%),P:1e-7	Tpos:145.8,Tstd:7.6,Bpos:51.3,Bstd:31.4,StrandBias:10.0,Multiplicity:1.00
0.100	0.700	0.100	0.100
0.100	0.100	0.700	0.100
0.100	0.100	0.100	0.700
0.100	0.700	0.100	0.100
0.100	0.100	0.100	0.700
0.100	0.700	0.100	0.100
0.100	0.100	0.700	0.100
0.700	0.100	0.100	0.100
0.100	0.100	0.700	0.100
0.100	0.100	0.700	0.100
>GGCTCCCTCG	21-GGCTCCCTCG	9.740711	-14.833766	0	T:8.0(20.00%),B:480.5(1.72%),P:1e-6	Tpos:134.2,Tstd:46.8,Bpos:112.3,Bstd:128.5,StrandBias:1.8,Multiplicity:1.12
0.001	0.300	0.698	0.001
0.001	0.001	0.997	0.001
0.001	0.734	0.264	0.001
0.001	0.001	0.001	0.997
0.001	0.997	0.001	0.001
0.001	0.997	0.001	0.001
0.001	0.997	0.001	0.001
0.001	0.001	0.001	0.997
0.001	0.997	0.001	0.001
0.001	0.001	0.789	0.209
>CGTCGGAGGG	22-CGTCGGAGGG	8.199788	-14.763587	0	T:7.0(17.50%),B:325.1(1.17%),P:1e-6	Tpos:130.4,Tstd:47.7,Bpos:91.7,Bstd:97.1,StrandBias:0.3,Multiplicity:1.50
0.001	0.997	0.001	0.001
0.001	0.001	0.997	0.001
0.001	0.001	0.001	0.997
0.001	0.744	0.254	0.001
0.001	0.001	0.997	0.001
0.001	0.001	0.997	0.001
0.914	0.001	0.071	0.014
0.001	0.001	0.997	0.001
0.001	0.001	0.997	0.001
0.001	0.001	0.997	0.001
>TCTGCCGCGT	23-TCTGCCGCGT	11.955226	-13.027927	0	T:3.0(7.50%),B:17.5(0.06%),P:1e-5	Tpos:115.3,Tstd:26.1,Bpos:94.0,Bstd:69.4,StrandBias:-10.0,Multiplicity:1.00
0.001	0.001	0.001	0.997
0.001	0.997	0.001	0.001
0.338	0.001	0.001	0.660
0.001	0.001	0.997	0.001
0.409	0.589	0.001	0.001
0.001	0.997	0.001	0.001
0.001	0.001	0.997	0.001
0.001	0.660	0.001	0.338
0.001	0.001	0.997	0.001
0.001	0.001	0.409	0.589
>CTGTCGACTY	24-CTGTCGACTY	10.107077	-12.857446	0	T:3.0(7.50%),B:19.0(0.07%),P:1e-5	Tpos:135.3,Tstd:26.1,Bpos:140.6,Bstd:48.5,StrandBias:10.0,Multiplicity:1.00
0.001	0.549	0.130	0.320
0.171	0.001	0.108	0.720
0.001	0.212	0.786	0.001
0.001	0.186	0.001	0.812
0.001	0.997	0.001	0.001
0.001	0.001	0.997	0.001
0.533	0.336	0.130	0.001
0.001	0.868	0.130	0.001
0.001	0.108	0.171	0.720
0.001	0.444	0.212	0.342
>CCGGCGCGAT	25-CCGGCGCGAT	10.031289	-12.386455	0	T:6.0(15.00%),B:298.2(1.07%),P:1e-5	Tpos:101.1,Tstd:48.7,Bpos:105.6,Bstd:123.6,StrandBias:1.0,Multiplicity:1.50
0.001	0.997	0.001	0.001
0.001	0.997	0.001	0.001
0.001	0.001	0.997	0.001
0.001	0.001	0.997	0.001
0.001	0.997	0.001	0.001
0.001	0.149	0.849	0.001
0.001	0.997	0.001	0.001
0.001	0.001	0.997	0.001
0.997	0.001	0.001	0.001
0.001	0.149	0.001	0.849
>CGACTTCCCGTS	1-CGACTTCCCGTS	12.953822	-47.733778	0	T:12.0(30.00%),B:81.0(0.29%),P:1e-20	Tpos:102.4,Tstd:54.2,Bpos:91.5,Bstd:162.5,StrandBias:10.0,Multiplicity:1.33
0.001	0.997	0.001	0.001
0.001	0.001	0.997	0.001
0.603	0.001	0.395	0.001
0.032	0.574	0.393	0.001
0.001	0.001	0.001	0.997
0.001	0.363	0.001	0.635
0.001	0.997	0.001	0.001
0.001	0.997	0.001	0.001
0.001	0.997	0.001	0.001
0.001	0.001	0.789	0.209
0.001	0.001	0.001	0.997
0.210	0.396	0.393	0.001
>ACCCGTCGCCTC	2-ACCCGTCGCCTC	10.409522	-45.859849	0	T:14.0(35.00%),B:194.9(0.70%),P:1e-19	Tpos:79.3,Tstd:37.5,Bpos:109.0,Bstd:140.6,StrandBias:3.7,Multiplicity:1.00
0.700	0.100	0.100	0.100
0.100	0.700	0.100	0.100
0.100	0.700	0.100	0.100
0.100	0.700	0.100	0.100
0.100	0.100	0.700	0.100
0.100	0.100	0.100	0.700
0.100	0.700	0.100	0.100
0.100	0.100	0.700	0.100
0.100	0.700	0.100	0.100
0.100	0.700	0.100	0.100
0.100	0.100	0.100	0.700
0.100	0.700	0.100	0.100
>GGGCCGCCCGCA	3-GGGCCGCCCGCA	13.318337	-36.553422	0	T:8.0(20.00%),B:30.8(0.11%),P:1e-15	Tpos:79.5,Tstd:63.5,Bpos:97.5,Bstd:63.1,StrandBias:0.0,Multiplicity:1.00
0.001	0.001	0.997	0.001
0.001	0.001	0.997	0.001
0.001	0.001	0.997	0.001
0.001	0.796	0.001	0.202
0.001	0.997	0.001	0.001
0.001	0.001	0.796	0.202
0.001	0.997	0.001	0.001
0.001	0.997	0.001	0.001
0.001	0.997	0.001	0.001
0.001	0.044	0.954	0.001
0.001	0.997	0.001	0.001
0.954	0.001	0.044	0.001
>CCCCCCGGCAGC	4-CCCCCCGGCAGC	12.492197	-34.641855	0	T:10.0(25.00%),B:113.4(0.41%),P:1e-15	Tpos:66.4,Tstd:40.8,Bpos:110.4,Bstd:141.8,StrandBias:-2.0,Multiplicity:1.00
0.001	0.997	0.001	0.001
0.001	0.887	0.001	0.111
0.001	0.997	0.001	0.001
0.001	0.997	0.001	0.001
0.001	0.997	0.001	0.001
0.001	0.997	0.001	0.001
0.001	0.001	0.997	0.001
0.001	0.091	0.907	0.001
0.001	0.997	0.001	0.001
0.997	0.001	0.001	0.001
0.001	0.202	0.796	0.001
0.001	0.997	0.001	0.001
>CCTCTGGCTCTC	5-CCTCTGGCTCTC	12.540370	-28.933875	0	T:6.0(15.00%),B:18.9(0.07%),P:1e-12	Tpos:80.2,Tstd:51.3,Bpos:107.4,Bstd:36.9,StrandBias:2.3,Multiplicity:1.00
0.001	0.997	0.001	0.001
0.001	0.997	0.001	0.001
0.001	0.001	0.001	0.997
0.001	0.997	0.001	0.001
0.001	0.001	0.001	0.997
0.001	0.001	0.997	0.001
0.001	0.001	0.997	0.001
0.001	0.997	0.001	0.001
0.131	0.001	0.001	0.867
0.001	0.867	0.131	0.001
0.001	0.001	0.001	0.997
0.001	0.997	0.001	0.001
>GGGGGGCGGACG	6-GGGGGGCGGACG	12.563947	-26.858635	0	T:9.0(22.50%),B:166.7(0.60%),P:1e-11	Tpos:126.5,Tstd:54.1,Bpos:118.2,Bstd:163.6,StrandBias:-0.8,Multiplicity:1.22
0.001	0.067	0.931	0.001
0.001	0.001	0.997	0.001
0.001	0.001	0.997	0.001
0.001	0.001	0.997	0.001
0.001	0.001	0.997	0.001
0.001	0.224	0.774	0.001
0.001	0.914	0.084	0.001
0.001	0.001	0.997	0.001
0.001	0.001	0.997	0.001
0.997	0.001	0.001	0.001
0.001	0.997	0.001	0.001
0.001	0.001	0.997	0.001
>AGACGGAGAGGG	7-AGACGGAGAGGG	13.519248	-25.246184	0	T:7.0(17.50%),B:70.8(0.25%),P:1e-10	Tpos:114.5,Tstd:36.4,Bpos:73.1,Bstd:85.1,StrandBias:10.0,Multiplicity:1.57
0.997	0.001	0.001	0.001
0.001	0.001	0.997	0.001
0.730	0.001	0.001	0.268
0.001	0.997	0.001	0.001
0.001	0.001	0.997	0.001
0.001	0.001	0.997	0.001
0.634	0.001	0.364	0.001
0.001	0.001	0.997	0.001
0.997	0.001	0.001	0.001
0.001	0.001	0.997	0.001
0.001	0.268	0.730	0.001
0.001	0.001	0.997	0.001
>GGCYGTCTGMCG	8-GGCYGTCTGMCG	12.885058	-25.134660	0	T:6.0(15.00%),B:34.4(0.12%),P:1e-10	Tpos:83.5,Tstd:43.8,Bpos:145.6,Bstd:125.7,StrandBias:0.0,Multiplicity:1.00
0.001	0.163	0.835	0.001
0.001	0.001	0.997	0.001
0.001	0.994	0.001	0.004
0.001	0.528	0.001	0.470
0.001	0.004	0.994	0.001
0.001	0.144	0.017	0.838
0.001	0.657	0.341	0.001
0.001	0.037	0.290	0.672
0.001	0.001	0.997	0.001
0.509	0.470	0.020	0.001
0.001	0.639	0.359	0.001
0.001	0.195	0.803	0.001
>ATGGATCCCAGC	9-ATGGATCCCAGC	9.980713	-24.603929	0	T:5.0(12.50%),B:14.3(0.05%),P:1e-10	Tpos:70.7,Tstd:62.8,Bpos:115.6,Bstd:48.1,StrandBias:0.4,Multiplicity:1.40
0.997	0.001	0.001	0.001
0.001	0.001	0.001	0.997
0.001	0.001	0.997	0.001
0.001	0.001	0.997	0.001
0.898	0.001	0.100	0.001
0.001	0.001	0.001	0.997
0.001	0.997	0.001	0.001
0.001	0.997	0.001	0.001
0.031	0.867	0.101	0.001
0.997	0.001	0.001	0.001
0.001	0.131	0.867	0.001
0.001	0.997	0.001	0.001
>CGAGACCCTTTC	10-CGAGACCCTTTC	12.540370	-24.603929	0	T:5.0(12.50%),B:14.5(0.05%),P:1e-10	Tpos:152.2,Tstd:28.9,Bpos:67.7,Bstd:18.3,StrandBias:2.0,Multiplicity:1.00
0.001	0.997	0.001	0.001
0.001	0.001	0.997	0.001
0.867	0.131	0.001	0.001
0.001	0.001	0.997	0.001
0.997	0.001	0.001	0.001
0.001	0.867	0.001	0.131
0.001	0.997	0.001	0.001
0.001	0.997	0.001	0.001
0.001	0.001	0.001	0.997
0.001	0.001	0.001	0.997
0.001	0.001	0.001	0.997
0.001	0.997	0.001	0.001
>AAGAGAGAGCCG	11-AAGAGAGAGCCG	12.748362	-23.598136	0	T:6.0(15.00%),B:44.9(0.16%),P:1e-10	Tpos:136.8,Tstd:23.7,Bpos:76.8,Bstd:85.9,StrandBias:1.0,Multiplicity:1.00
0.997	0.001	0.001	0.001
0.721	0.001	0.277	0.001
0.001	0.277	0.721	0.001
0.797	0.201	0.001	0.001
0.001	0.001	0.997	0.001
0.997	0.001	0.001	0.001
0.001	0.001	0.997	0.001
0.997	0.001	0.001	0.001
0.001	0.001	0.997	0.001
0.001	0.997	0.001	0.001
0.001	0.997	0.001	0.001
0.001	0.201	0.797	0.001
>BTCTYCGGTTCS	12-BTCTYCGGTTCS	8.201164	-22.881301	0	T:9.0(22.50%),B:261.8(0.94%),P:1e-9	Tpos:139.4,Tstd:50.4,Bpos:100.9,Bstd:141.3,StrandBias:3.0,Multiplicity:1.00
0.058	0.269	0.348	0.325
0.057	0.270	0.209	0.464
0.001	0.903	0.039	0.057
0.027	0.144	0.136	0.693
0.033	0.276	0.266	0.425
0.072	0.756	0.095	0.077
0.084	0.244	0.671	0.001
0.047	0.184	0.611	0.158
0.102	0.195	0.181	0.522
0.001	0.296	0.254	0.449
0.033	0.727	0.159	0.081
0.077	0.459	0.399	0.065
>GCGCCCGGCGGM	13-GCGCCCGGCGGM	11.965999	-22.200857	0	T:8.0(20.00%),B:184.1(0.66%),P:1e-9	Tpos:81.6,Tstd:19.7,Bpos:116.2,Bstd:131.4,StrandBias:0.0,Multiplicity:1.00
0.001	0.096	0.813	0.090
0.093	0.692	0.001	0.214
0.150	0.001	0.771	0.078
0.010	0.812	0.118	0.060
0.001	0.919	0.001	0.079
0.001	0.997	0.001	0.001
0.001	0.199	0.799	0.001
0.001	0.210	0.699	0.090
0.001	0.855	0.143	0.001
0.085	0.001	0.574	0.340
0.096	0.079	0.824	0.001
0.493	0.416	0.001	0.090
>GAGCCGCCGCGT	14-GAGCCGCCGCGT	13.874852	-22.163705	0	T:6.0(15.00%),B:56.3(0.20%),P:1e-9	Tpos:79.5,Tstd:48.3,Bpos:117.2,Bstd:75.5,StrandBias:2.3,Multiplicity:1.00
0.001	0.347	0.651	0.001
0.997	0.001	0.001	0.001
0.001	0.362	0.636	0.001
0.001	0.997	0.001	0.001
0.001	0.997	0.001	0.001
0.001	0.001	0.997	0.001
0.001	0.997	0.001	0.001
0.001	0.736	0.262	0.001
0.001	0.001	0.997	0.001
0.001	0.997	0.001	0.001
0.001	0.288	0.710	0.001
0.001	0.262	0.001	0.736
>TCCCCCGCGGGG	15-TCCCCCGCGGGG	11.842732	-21.930100	0	T:10.0(25.00%),B:415.6(1.49%),P:1e-9	Tpos:92.7,Tstd:59.6,Bpos:101.1,Bstd:149.2,StrandBias:-0.4,Multiplicity:1.50
0.001	0.083	0.324	0.592
0.001	0.914	0.001	0.084
0.001	0.997	0.001	0.001
0.001	0.997	0.001	0.001
0.095	0.683	0.001	0.221
0.001	0.841	0.157	0.001
0.001	0.001	0.997	0.001
0.001	0.798	0.200	0.001
0.001	0.001	0.997	0.001
0.199	0.001	0.799	0.001
0.001	0.001	0.997	0.001
0.001	0.062	0.936	0.001
>CGGTCCCTCTGC	16-CGGTCCCTCTGC	13.029269	-20.615240	0	T:7.0(17.50%),B:137.2(0.49%),P:1e-8	Tpos:99.8,Tstd:47.2,Bpos:82.9,Bstd:202.8,StrandBias:0.0,Multiplicity:1.14
0.001	0.997	0.001	0.001
0.001	0.001	0.997	0.001
0.001	0.144	0.854	0.001
0.001	0.001	0.001	0.997
0.001	0.997	0.001	0.001
0.001	0.997	0.001	0.001
0.001	0.997	0.001	0.001
0.001	0.001	0.250	0.748
0.001	0.997	0.001	0.001
0.001	0.136	0.259	0.604
0.001	0.001	0.997	0.001
0.001	0.997	0.001	0.001
>CGCTAGGGCGTC	17-CGCTAGGGCGTC	15.285713	-20.188323	0	T:5.0(12.50%),B:34.3(0.12%),P:1e-8	Tpos:140.0,Tstd:7.2,Bpos:61.0,Bstd:64.4,StrandBias:10.0,Multiplicity:1.00
0.001	0.997	0.001	0.001
0.001	0.001	0.997	0.001
0.001	0.997	0.001	0.001
0.001	0.001	0.268	0.730
0.997	0.001	0.001	0.001
0.001	0.001	0.997	0.001
0.001	0.001	0.997	0.001
0.001	0.001	0.997	0.001
0.001	0.997	0.001	0.001
0.001	0.001	0.997	0.001
0.001	0.001	0.001	0.997
0.001	0.997	0.001	0.001
>CCGCCGCAACCT	18-CCGCCGCAACCT	12.355432	-19.595110	0	T:4.0(10.00%),B:12.8(0.05%),P:1e-8	Tpos:81.0,Tstd:14.2,Bpos:107.7,Bstd:37.0,StrandBias:1.6,Multiplicity:1.00
0.100	0.700	0.100	0.100
0.100	0.700	0.100	0.100
0.100	0.100	0.700	0.100
0.100	0.700	0.100	0.100
0.100	0.700	0.100	0.100
0.100	0.100	0.700	0.100
0.100	0.700	0.100	0.100
0.700	0.100	0.100	0.100
0.700	0.100	0.100	0.100
0.100	0.700	0.100	0.100
0.100	0.700	0.100	0.100
0.100	0.100	0.100	0.700
>CYTTTTTTHARR	19-CYTTTTTTHARR	7.647159	-19.418493	0	T:6.0(15.00%),B:89.0(0.32%),P:1e-8	Tpos:104.3,Tstd:55.8,Bpos:97.3,Bstd:74.5,StrandBias:1.3,Multiplicity:1.00
0.366	0.632	0.001	0.001
0.026	0.467	0.140	0.367
0.360	0.001	0.106	0.533
0.001	0.001	0.001	0.997
0.001	0.001	0.106	0.892
0.001	0.001	0.001	0.997
0.001	0.001	0.001	0.997
0.366	0.001	0.001	0.632
0.393	0.246	0.001	0.360
0.997	0.001	0.001	0.001
0.492	0.139	0.367	0.001
0.360	0.001	0.499	0.139
>GCCGAVWYCGTK	20-GCCGAVWYCGTK	10.784518	-19.275972	0	T:4.0(10.00%),B:13.2(0.05%),P:1e-8	Tpos:50.0,Tstd:32.9,Bpos:160.7,Bstd:13.9,StrandBias:10.0,Multiplicity:1.00
0.001	0.001	0.997	0.001
0.001	0.864	0.001	0.134
0.001	0.914	0.084	0.001
0.001	0.001	0.997	0.001
0.554	0.308	0.137	0.001
0.213	0.262	0.362	0.162
0.326	0.118	0.146	0.410
0.001	0.385	0.102	0.512
0.001	0.843	0.155	0.001
0.001	0.404	0.594	0.001
0.001	0.072	0.260	0.667
0.007	0.167	0.382	0.443
>ACCGCCGCCCCA	21-ACCGCCGCCCCA	12.355432	-18.980572	0	T:4.0(10.00%),B:14.4(0.05%),P:1e-8	Tpos:89.5,Tstd:27.9,Bpos:99.6,Bstd:34.6,StrandBias:1.6,Multiplicity:1.00
0.700	0.100	0.100	0.100
0.100	0.700	0.100	0.100
0.100	0.700	0.100	0.100
0.100	0.100	0.700	0.100
0.100	0.700	0.100	0.100
0.100	0.700	0.100	0.100
0.100	0.100	0.700	0.100
0.100	0.700	0.100	0.100
0.100	0.700	0.100	0.100
0.100	0.700	0.100	0.100
0.100	0.700	0.100	0.100
0.700	0.100	0.100	0.100
>TCCGTCCGSCCV	22-TCCGTCCGSCCV	12.199781	-18.416831	0	T:7.0(17.50%),B:189.2(0.68%),P:1e-7	Tpos:109.1,Tstd:50.2,Bpos:121.2,Bstd:148.8,StrandBias:0.6,Multiplicity:1.00
0.001	0.136	0.122	0.741
0.001	0.928	0.070	0.001
0.001	0.917	0.081	0.001
0.001	0.086	0.912	0.001
0.001	0.001	0.291	0.707
0.001	0.912	0.001	0.086
0.136	0.862	0.001	0.001
0.001	0.132	0.866	0.001
0.001	0.396	0.425	0.178
0.001	0.912	0.001	0.086
0.001	0.739	0.259	0.001
0.259	0.363	0.377	0.001
>GTCGGGCCGGCG	23-GTCGGGCCGGCG	14.601924	-18.169386	0	T:6.0(15.00%),B:110.9(0.40%),P:1e-7	Tpos:95.4,Tstd:47.0,Bpos:98.0,Bstd:171.6,StrandBias:1.0,Multiplicity:1.50
0.001	0.001	0.997	0.001
0.126	0.001	0.100	0.773
0.001	0.997	0.001	0.001
0.001	0.001	0.997	0.001
0.001	0.001	0.997	0.001
0.001	0.001	0.997	0.001
0.001	0.997	0.001	0.001
0.001	0.737	0.261	0.001
0.001	0.001	0.997	0.001
0.001	0.001	0.997	0.001
0.001	0.762	0.236	0.001
0.001	0.001	0.997	0.001
>CCCTGCGGGGTC	24-CCCTGCGGGGTC	12.143236	-17.448634	0	T:8.0(20.00%),B:340.2(1.22%),P:1e-7	Tpos:63.9,Tstd:46.6,Bpos:108.4,Bstd:178.4,StrandBias:2.8,Multiplicity:1.00
0.178	0.616	0.205	0.001
0.001	0.997	0.001	0.001
0.001	0.691	0.307	0.001
0.001	0.140	0.327	0.532
0.001	0.177	0.821	0.001
0.001	0.997	0.001	0.001
0.001	0.121	0.877	0.001
0.001	0.122	0.690	0.187
0.001	0.001	0.997	0.001
0.001	0.307	0.691	0.001
0.001	0.140	0.001	0.858
0.001	0.858	0.140	0.001
>GGCCGGGCCACC	25-GGCCGGGCCACC	14.394261	-17.057075	0	T:5.0(12.50%),B:64.4(0.23%),P:1e-7	Tpos:133.4,Tstd:65.3,Bpos:115.7,Bstd:123.7,StrandBias:0.6,Multiplicity:1.00
0.001	0.001	0.997	0.001
0.001	0.258	0.740	0.001
0.001	0.718	0.280	0.001
0.001	0.997	0.001	0.001
0.001	0.398	0.600	0.001
0.001	0.154	0.844	0.001
0.001	0.001	0.997	0.001
0.001	0.740	0.258	0.001
0.001	0.718	0.280	0.001
0.755	0.243	0.001	0.001
0.001	0.997	0.001	0.001
0.001	0.997	0.001	0.001
>GCCGAATT	1-GCCGAATT	8.077814	-44.945365	0	T:16.0(40.00%),B:362.5(1.30%),P:1e-19	Tpos:92.4,Tstd:53.2,Bpos:112.4,Bstd:127.3,StrandBias:3.9,Multiplicity:1.00
0.025	0.001	0.973	0.001
0.025	0.684	0.001	0.290
0.001	0.896	0.001	0.102
0.001	0.001	0.997	0.001
0.714	0.001	0.284	0.001
0.482	0.294	0.223	0.001
0.001	0.001	0.001	0.997
0.001	0.066	0.001	0.932
>GTCCTCGT	2-GTCCTCGT	8.231346	-32.642001	0	T:18.0(45.00%),B:1162.5(4.17%),P:1e-14	Tpos:120.9,Tstd:65.3,Bpos:98.7,Bstd:133.0,StrandBias:4.1,Multiplicity:1.00
0.001	0.360	0.566	0.073
0.001	0.067	0.026	0.906
0.001	0.973	0.001	0.025
0.163	0.679	0.157	0.001
0.001	0.366	0.001	0.632
0.001	0.926	0.072	0.001
0.001	0.163	0.546	0.290
0.001	0.001	0.001	0.997
>GTCGCCTC	3-GTCGCCTC	8.236954	-28.300370	0	T:12.0(30.00%),B:420.1(1.51%),P:1e-12	Tpos:94.4,Tstd:38.8,Bpos:105.4,Bstd:146.7,StrandBias:10.0,Multiplicity:1.00
0.100	0.100	0.700	0.100
0.100	0.100	0.100	0.700
0.100	0.700	0.100	0.100
0.100	0.100	0.700	0.100
0.100	0.700	0.100	0.100
0.100	0.700	0.100	0.100
0.100	0.100	0.100	0.700
0.100	0.700	0.100	0.100
>GTCACCCG	4-GTCACCCG	8.183026	-27.279153	0	T:18.0(45.00%),B:1595.9(5.72%),P:1e-11	Tpos:70.1,Tstd:50.1,Bpos:96.9,Bstd:132.0,StrandBias:0.7,Multiplicity:1.00
0.186	0.001	0.766	0.047
0.001	0.136	0.270	0.593
0.001	0.997	0.001	0.001
0.640	0.159	0.001	0.200
0.001	0.997	0.001	0.001
0.001	0.753	0.245	0.001
0.016	0.982	0.001	0.001
0.001	0.071	0.818	0.110
>GAGCGATC	5-GAGCGATC	8.768020	-27.115101	0	T:17.0(42.50%),B:1370.4(4.91%),P:1e-11	Tpos:119.7,Tstd:47.1,Bpos:101.0,Bstd:156.1,StrandBias:-0.2,Multiplicity:1.00
0.001	0.001	0.997	0.001
0.997	0.001	0.001	0.001
0.001	0.001	0.997	0.001
0.001	0.997	0.001	0.001
0.001	0.001	0.997	0.001
0.531	0.123	0.345	0.001
0.001	0.045	0.188	0.766
0.001	0.997	0.001	0.001
>AMYCKCCA	6-AMYCKCCA	6.138404	-26.828025	0	T:17.0(42.50%),B:1395.5(5.00%),P:1e-11	Tpos:106.8,Tstd:48.8,Bpos:99.3,Bstd:120.5,StrandBias:-2.2,Multiplicity:1.13
0.997	0.001	0.001	0.001
0.472	0.526	0.001	0.001
0.001	0.514	0.001	0.484
0.001	0.997	0.001	0.001
0.001	0.001	0.487	0.511
0.001	0.997	0.001	0.001
0.001	0.943	0.055	0.001
0.997	0.001	0.001	0.001
>GGCCGGAC	7-GGCCGGAC	7.311610	-24.552675	0	T:22.0(55.00%),B:3155.4(11.31%),P:1e-10	Tpos:96.3,Tstd:58.2,Bpos:106.3,Bstd:146.0,StrandBias:-1.1,Multiplicity:1.45
0.001	0.001	0.997	0.001
0.001	0.001	0.997	0.001
0.389	0.546	0.001	0.064
0.001	0.997	0.001	0.001
0.001	0.071	0.927	0.001
0.001	0.001	0.997	0.001
0.607	0.001	0.001	0.391
0.001	0.997	0.001	0.001
>GGTCCGCA	8-GGTCCGCA	8.312040	-23.484638	0	T:14.0(35.00%),B:1010.2(3.62%),P:1e-10	Tpos:113.6,Tstd:58.6,Bpos:103.5,Bstd:120.2,StrandBias:-0.8,Multiplicity:1.00
0.001	0.001	0.997	0.001
0.001	0.001	0.997	0.001
0.246	0.001	0.001	0.752
0.001	0.997	0.001	0.001
0.001	0.900	0.098	0.001
0.001	0.001	0.856	0.142
0.001	0.997	0.001	0.001
0.997	0.001	0.001	0.001
>CGTCTTCG	9-CGTCTTCG	8.776688	-22.361924	0	T:9.0(22.50%),B:277.4(0.99%),P:1e-9	Tpos:74.3,Tstd:30.2,Bpos:102.2,Bstd:97.2,StrandBias:0.3,Multiplicity:1.00
0.001	0.997	0.001	0.001
0.001	0.001	0.897	0.101
0.001	0.001	0.001	0.997
0.001	0.997	0.001	0.001
0.001	0.001	0.001	0.997
0.001	0.001	0.001	0.997
0.001	0.997	0.001	0.001
0.001	0.001	0.997	0.001
>TGCGGAGT	10-TGCGGAGT	8.236954	-21.582576	0	T:7.0(17.50%),B:119.2(0.43%),P:1e-9	Tpos:167.0,Tstd:19.0,Bpos:96.9,Bstd:103.3,StrandBias:10.0,Multiplicity:1.00
0.100	0.100	0.100	0.700
0.100	0.100	0.700	0.100
0.100	0.700	0.100	0.100
0.100	0.100	0.700	0.100
0.100	0.100	0.700	0.100
0.700	0.100	0.100	0.100
0.100	0.100	0.700	0.100
0.100	0.100	0.100	0.700
>TTCCCGCT	11-TTCCCGCT	8.738478	-20.265623	0	T:10.0(25.00%),B:494.3(1.77%),P:1e-8	Tpos:112.4,Tstd:39.0,Bpos:102.8,Bstd:89.0,StrandBias:0.3,Multiplicity:1.10
0.001	0.001	0.001	0.997
0.001	0.001	0.001	0.997
0.001	0.997	0.001	0.001
0.001	0.997	0.001	0.001
0.001	0.997	0.001	0.001
0.100	0.046	0.602	0.252
0.161	0.837	0.001	0.001
0.001	0.001	0.001	0.997
>GATCCTTW	12-GATCCTTW	7.883691	-18.909633	0	T:5.0(12.50%),B:45.0(0.16%),P:1e-8	Tpos:123.6,Tstd:45.2,Bpos:102.4,Bstd:80.8,StrandBias:2.0,Multiplicity:1.00
0.273	0.001	0.725	0.001
0.691	0.001	0.166	0.142
0.001	0.006	0.001	0.992
0.001	0.857	0.001	0.141
0.001	0.987	0.011	0.001
0.156	0.001	0.215	0.628
0.001	0.165	0.001	0.833
0.489	0.156	0.001	0.354
>AGAGAGCC	13-AGAGAGCC	8.991404	-18.745879	0	T:10.0(25.00%),B:580.8(2.08%),P:1e-8	Tpos:104.8,Tstd:41.6,Bpos:94.2,Bstd:111.8,StrandBias:1.9,Multiplicity:1.40
0.997	0.001	0.001	0.001
0.001	0.001	0.997	0.001
0.997	0.001	0.001	0.001
0.001	0.159	0.839	0.001
0.997	0.001	0.001	0.001
0.001	0.001	0.997	0.001
0.213	0.785	0.001	0.001
0.001	0.997	0.001	0.001
>GCCCCCCC	14-GCCCCCCC	9.035071	-15.779107	0	T:17.0(42.50%),B:2873.8(10.30%),P:1e-6	Tpos:95.7,Tstd:63.4,Bpos:94.6,Bstd:134.8,StrandBias:-1.0,Multiplicity:1.24
0.001	0.001	0.701	0.297
0.001	0.997	0.001	0.001
0.186	0.812	0.001	0.001
0.001	0.997	0.001	0.001
0.001	0.997	0.001	0.001
0.001	0.997	0.001	0.001
0.001	0.997	0.001	0.001
0.001	0.997	0.001	0.001
>GTTACGGA	15-GTTACGGA	4.117123	-14.784937	0	T:9.0(22.50%),B:672.1(2.41%),P:1e-6	Tpos:78.1,Tstd:54.0,Bpos:99.1,Bstd:136.0,StrandBias:0.3,Multiplicity:1.00
0.001	0.001	0.997	0.001
0.001	0.001	0.001	0.997
0.001	0.026	0.001	0.972
0.805	0.001	0.001	0.193
0.001	0.992	0.006	0.001
0.001	0.149	0.849	0.001
0.001	0.001	0.997	0.001
0.989	0.001	0.001	0.009
>GACGCCCT	16-GACGCCCT	8.236954	-14.522264	0	T:7.0(17.50%),B:337.2(1.21%),P:1e-6	Tpos:107.1,Tstd:53.9,Bpos:97.5,Bstd:134.6,StrandBias:-1.3,Multiplicity:1.00
0.100	0.100	0.700	0.100
0.700	0.100	0.100	0.100
0.100	0.700	0.100	0.100
0.100	0.100	0.700	0.100
0.100	0.700	0.100	0.100
0.100	0.700	0.100	0.100
0.100	0.700	0.100	0.100
0.100	0.100	0.100	0.700
>CCCCCCKH	17-CCCCCCKH	8.240810	-14.380553	0	T:15.0(37.50%),B:2417.4(8.66%),P:1e-6	Tpos:112.0,Tstd:58.6,Bpos:99.8,Bstd:140.3,StrandBias:-0.4,Multiplicity:1.40
0.001	0.932	0.001	0.066
0.003	0.953	0.001	0.043
0.049	0.949	0.001	0.001
0.066	0.877	0.001	0.056
0.001	0.750	0.186	0.063
0.001	0.782	0.216	0.001
0.001	0.133	0.396	0.470
0.419	0.284	0.001	0.296
>YTTTTAAA	18-YTTTTAAA	9.523989	-13.925857	0	T:4.0(10.00%),B:50.2(0.18%),P:1e-6	Tpos:108.5,Tstd:60.2,Bpos:118.0,Bstd:52.0,StrandBias:1.6,Multiplicity:1.00
0.001	0.493	0.001	0.505
0.001	0.244	0.001	0.754
0.001	0.001	0.001	0.997
0.001	0.001	0.001	0.997
0.248	0.001	0.001	0.750
0.740	0.001	0.001	0.258
0.997	0.001	0.001	0.001
0.997	0.001	0.001	0.001
>GCGGGGGA	19-GCGGGGGA	9.135801	-13.519304	0	T:19.0(47.50%),B:4222.8(15.14%),P:1e-5	Tpos:107.8,Tstd:64.5,Bpos:98.4,Bstd:136.5,StrandBias:-1.3,Multiplicity:1.33
0.001	0.001	0.997	0.001
0.183	0.815	0.001	0.001
0.001	0.001	0.997	0.001
0.001	0.001	0.997	0.001
0.001	0.001	0.997	0.001
0.001	0.001	0.997	0.001
0.210	0.001	0.788	0.001
0.997	0.001	0.001	0.001
>TCCTGTGG	20-TCCTGTGG	5.047135	-11.696568	0	T:11.0(27.50%),B:1557.4(5.58%),P:1e-5	Tpos:90.1,Tstd:52.7,Bpos:95.7,Bstd:99.5,StrandBias:1.4,Multiplicity:1.64
0.001	0.010	0.001	0.988
0.001	0.997	0.001	0.001
0.001	0.997	0.001	0.001
0.001	0.001	0.001	0.997
0.083	0.366	0.550	0.001
0.001	0.001	0.001	0.997
0.001	0.001	0.691	0.307
0.048	0.001	0.950	0.001
