>GTCTCACTCA	1-GTCTCACTCA	9.899512	-40.154381	0	T:11.0(27.50%),B:103.6(0.37%),P:1e-17	Tpos:64.6,Tstd:45.5,Bpos:113.9,Bstd:94.1,StrandBias:-0.8,Multiplicity:1.00
0.001	0.001	0.997	0.001
0.001	0.001	0.001	0.997
0.001	0.997	0.001	0.001
0.001	0.001	0.001	0.997
0.001	0.997	0.001	0.001
0.788	0.140	0.001	0.071
0.001	0.997	0.001	0.001
0.001	0.001	0.139	0.859
0.001	0.997	0.001	0.001
0.997	0.001	0.001	0.001
>GGAAACGAAT	2-GGAAACGAAT	10.873702	-38.671907	0	T:8.0(20.00%),B:23.4(0.08%),P:1e-16	Tpos:77.6,Tstd:51.1,Bpos:127.8,Bstd:64.6,StrandBias:-2.8,Multiplicity:1.00
0.001	0.001	0.997	0.001
0.001	0.001	0.997	0.001
0.847	0.001	0.151	0.001
0.886	0.112	0.001	0.001
0.548	0.296	0.001	0.155
0.001	0.997	0.001	0.001
0.001	0.112	0.886	0.001
0.997	0.001	0.001	0.001
0.843	0.155	0.001	0.001
0.145	0.001	0.307	0.547
>CCCGTCGCCT	3-CCCGTCGCCT	11.545539	-35.451794	0	T:12.0(30.00%),B:228.4(0.82%),P:1e-15	Tpos:83.3,Tstd:31.3,Bpos:94.2,Bstd:161.6,StrandBias:3.5,Multiplicity:1.00
0.001	0.997	0.001	0.001
0.197	0.801	0.001	0.001
0.001	0.997	0.001	0.001
0.001	0.001	0.997	0.001
0.001	0.001	0.001	0.997
0.001	0.997	0.001	0.001
0.001	0.001	0.997	0.001
0.001	0.997	0.001	0.001
0.001	0.997	0.001	0.001
0.001	0.001	0.126	0.872
>GCGTCGGGTG	4-GCGTCGGGTG	10.910758	-34.682347	0	T:15.0(37.50%),B:560.8(2.01%),P:1e-15	Tpos:67.3,Tstd:49.1,Bpos:90.8,Bstd:155.5,StrandBias:1.5,Multiplicity:1.00
0.001	0.001	0.997	0.001
0.001	0.903	0.095	0.001
0.001	0.001	0.997	0.001
0.001	0.001	0.165	0.833
0.001	0.799	0.199	0.001
0.001	0.001	0.997	0.001
0.001	0.001	0.997	0.001
0.001	0.001	0.997	0.001
0.001	0.157	0.001	0.841
0.001	0.001	0.997	0.001
>GAGTCCCCGT	5-GAGTCCCCGT	12.537619	-33.873888	0	T:8.0(20.00%),B:42.2(0.15%),P:1e-14	Tpos:122.3,Tstd:48.2,Bpos:73.7,Bstd:130.6,StrandBias:10.0,Multiplicity:1.50
0.001	0.001	0.997	0.001
0.997	0.001	0.001	0.001
0.001	0.001	0.997	0.001
0.001	0.001	0.001	0.997
0.001	0.725	0.001	0.273
0.001	0.997	0.001	0.001
0.001	0.997	0.001	0.001
0.001	0.997	0.001	0.001
0.001	0.001	0.997	0.001
0.001	0.001	0.001	0.997
>TCTGGCSGTC	6-TCTGGCSGTC	8.762197	-33.730032	0	T:15.0(37.50%),B:598.5(2.15%),P:1e-14	Tpos:89.8,Tstd:53.9,Bpos:117.9,Bstd:125.8,StrandBias:1.4,Multiplicity:1.00
0.001	0.162	0.079	0.758
0.001	0.889	0.056	0.054
0.001	0.332	0.140	0.527
0.001	0.154	0.782	0.063
0.001	0.001	0.745	0.253
0.061	0.696	0.184	0.059
0.184	0.399	0.316	0.101
0.001	0.004	0.994	0.001
0.001	0.182	0.205	0.612
0.001	0.826	0.056	0.117
>AGAGCGAGCS	7-AGAGCGAGCS	11.080439	-32.267440	0	T:11.0(27.50%),B:213.2(0.76%),P:1e-14	Tpos:103.3,Tstd:34.4,Bpos:88.6,Bstd:99.9,StrandBias:-0.8,Multiplicity:1.00
0.610	0.157	0.232	0.001
0.001	0.232	0.766	0.001
0.997	0.001	0.001	0.001
0.001	0.001	0.997	0.001
0.301	0.541	0.157	0.001
0.001	0.001	0.997	0.001
0.997	0.001	0.001	0.001
0.001	0.001	0.997	0.001
0.001	0.997	0.001	0.001
0.001	0.448	0.550	0.001
>CCCGCGAGGG	8-CCCGCGAGGG	9.651017	-32.196637	0	T:19.0(47.50%),B:1406.7(5.04%),P:1e-13	Tpos:94.3,Tstd:54.6,Bpos:98.6,Bstd:144.4,StrandBias:-0.3,Multiplicity:1.26
0.048	0.921	0.030	0.001
0.001	0.997	0.001	0.001
0.040	0.903	0.056	0.001
0.001	0.033	0.965	0.001
0.041	0.957	0.001	0.001
0.001	0.001	0.801	0.197
0.569	0.023	0.373	0.035
0.001	0.001	0.997	0.001
0.001	0.001	0.997	0.001
0.001	0.001	0.997	0.001
>CGRAGASGGA	9-CGRAGASGGA	7.547364	-27.709020	0	T:21.0(52.50%),B:2379.1(8.53%),P:1e-12	Tpos:105.8,Tstd:49.8,Bpos:98.5,Bstd:133.4,StrandBias:0.3,Multiplicity:1.19
0.001	0.997	0.001	0.001
0.001	0.001	0.997	0.001
0.427	0.001	0.571	0.001
0.818	0.001	0.001	0.180
0.001	0.001	0.997	0.001
0.554	0.001	0.123	0.322
0.001	0.476	0.343	0.181
0.001	0.001	0.997	0.001
0.001	0.122	0.876	0.001
0.892	0.001	0.106	0.001
>TCCCTCGGGK	10-TCCCTCGGGK	10.855098	-27.474887	0	T:12.0(30.00%),B:451.1(1.62%),P:1e-11	Tpos:99.1,Tstd:60.8,Bpos:96.3,Bstd:119.2,StrandBias:2.3,Multiplicity:1.00
0.001	0.267	0.221	0.511
0.001	0.997	0.001	0.001
0.001	0.934	0.064	0.001
0.001	0.997	0.001	0.001
0.001	0.279	0.001	0.719
0.001	0.997	0.001	0.001
0.001	0.335	0.663	0.001
0.001	0.001	0.997	0.001
0.001	0.001	0.997	0.001
0.001	0.001	0.430	0.568
>ATGGRTCCGA	11-ATGGRTCCGA	11.292661	-26.282108	0	T:5.0(12.50%),B:10.8(0.04%),P:1e-11	Tpos:65.6,Tstd:63.0,Bpos:97.4,Bstd:39.2,StrandBias:0.6,Multiplicity:1.00
0.879	0.001	0.001	0.119
0.330	0.001	0.120	0.549
0.001	0.001	0.997	0.001
0.001	0.001	0.997	0.001
0.508	0.001	0.490	0.001
0.001	0.001	0.001	0.997
0.001	0.997	0.001	0.001
0.001	0.997	0.001	0.001
0.268	0.240	0.491	0.001
0.669	0.329	0.001	0.001
>GGCCCGTCGT	12-GGCCCGTCGT	10.296193	-24.165817	0	T:6.0(15.00%),B:40.1(0.14%),P:1e-10	Tpos:72.8,Tstd:79.6,Bpos:134.9,Bstd:133.5,StrandBias:10.0,Multiplicity:1.00
0.100	0.100	0.700	0.100
0.100	0.100	0.700	0.100
0.100	0.700	0.100	0.100
0.100	0.700	0.100	0.100
0.100	0.700	0.100	0.100
0.100	0.100	0.700	0.100
0.100	0.100	0.100	0.700
0.100	0.700	0.100	0.100
0.100	0.100	0.700	0.100
0.100	0.100	0.100	0.700
>TGCGGGGCCT	13-TGCGGGGCCT	7.247236	-20.843594	0	T:8.0(20.00%),B:219.8(0.79%),P:1e-9	Tpos:58.8,Tstd:44.0,Bpos:105.2,Bstd:152.3,StrandBias:0.7,Multiplicity:1.00
0.001	0.001	0.001	0.997
0.001	0.001	0.997	0.001
0.001	0.997	0.001	0.001
0.001	0.001	0.997	0.001
0.001	0.001	0.887	0.111
0.001	0.001	0.997	0.001
0.001	0.001	0.997	0.001
0.001	0.887	0.001	0.111
0.001	0.997	0.001	0.001
0.111	0.001	0.001	0.887
>CGCGATCCYT	14-CGCGATCCYT	10.297112	-19.662932	0	T:8.0(20.00%),B:255.2(0.91%),P:1e-8	Tpos:153.2,Tstd:36.1,Bpos:92.6,Bstd:116.1,StrandBias:1.6,Multiplicity:1.00
0.001	0.997	0.001	0.001
0.001	0.001	0.997	0.001
0.357	0.641	0.001	0.001
0.001	0.001	0.997	0.001
0.808	0.001	0.190	0.001
0.001	0.357	0.001	0.641
0.001	0.997	0.001	0.001
0.001	0.632	0.366	0.001
0.001	0.557	0.001	0.441
0.001	0.001	0.001	0.997
>GCAACCTCCA	15-GCAACCTCCA	12.284733	-19.507545	0	T:5.0(12.50%),B:39.6(0.14%),P:1e-8	Tpos:101.4,Tstd:39.9,Bpos:82.2,Bstd:109.4,StrandBias:2.0,Multiplicity:1.00
0.001	0.001	0.997	0.001
0.001	0.997	0.001	0.001
0.786	0.001	0.212	0.001
0.997	0.001	0.001	0.001
0.001	0.997	0.001	0.001
0.001	0.997	0.001	0.001
0.001	0.001	0.001	0.997
0.001	0.997	0.001	0.001
0.001	0.997	0.001	0.001
0.997	0.001	0.001	0.001
>CCGTCCCGCC	16-CCGTCCCGCC	11.610278	-18.800850	0	T:9.0(22.50%),B:418.5(1.50%),P:1e-8	Tpos:96.2,Tstd:51.7,Bpos:97.8,Bstd:125.6,StrandBias:3.3,Multiplicity:1.22
0.001	0.997	0.001	0.001
0.001	0.890	0.001	0.108
0.001	0.001	0.997	0.001
0.001	0.001	0.001	0.997
0.001	0.997	0.001	0.001
0.001	0.997	0.001	0.001
0.001	0.997	0.001	0.001
0.001	0.001	0.997	0.001
0.001	0.997	0.001	0.001
0.001	0.997	0.001	0.001
>GGGGGTGGAG	17-GGGGGTGGAG	10.250170	-17.926083	0	T:9.0(22.50%),B:463.8(1.66%),P:1e-7	Tpos:102.2,Tstd:59.9,Bpos:95.9,Bstd:124.0,StrandBias:1.8,Multiplicity:1.00
0.001	0.078	0.920	0.001
0.001	0.001	0.997	0.001
0.001	0.001	0.997	0.001
0.001	0.001	0.997	0.001
0.001	0.001	0.997	0.001
0.001	0.001	0.217	0.781
0.138	0.001	0.860	0.001
0.001	0.001	0.997	0.001
0.997	0.001	0.001	0.001
0.001	0.001	0.997	0.001
>CAGTGGTTGT	18-CAGTGGTTGT	10.296193	-16.687322	0	T:3.0(7.50%),B:5.9(0.02%),P:1e-7	Tpos:145.3,Tstd:26.1,Bpos:151.9,Bstd:21.0,StrandBias:10.0,Multiplicity:1.00
0.100	0.700	0.100	0.100
0.700	0.100	0.100	0.100
0.100	0.100	0.700	0.100
0.100	0.100	0.100	0.700
0.100	0.100	0.700	0.100
0.100	0.100	0.700	0.100
0.100	0.100	0.100	0.700
0.100	0.100	0.100	0.700
0.100	0.100	0.700	0.100
0.100	0.100	0.100	0.700
>CYTTTTTWWA	19-CYTTTTTWWA	6.073257	-16.629713	0	T:6.0(15.00%),B:143.7(0.52%),P:1e-7	Tpos:102.3,Tstd:53.5,Bpos:101.2,Bstd:82.2,StrandBias:1.2,Multiplicity:1.00
0.422	0.576	0.001	0.001
0.005	0.423	0.150	0.423
0.422	0.001	0.001	0.576
0.001	0.001	0.123	0.875
0.001	0.001	0.001	0.997
0.001	0.001	0.001	0.997
0.001	0.001	0.001	0.997
0.422	0.124	0.001	0.453
0.552	0.025	0.001	0.422
0.997	0.001	0.001	0.001
>CGTCTCGAGG	20-CGTCTCGAGG	10.296193	-16.516800	0	T:4.0(10.00%),B:26.7(0.10%),P:1e-7	Tpos:145.8,Tstd:7.6,Bpos:51.3,Bstd:31.4,StrandBias:10.0,Multiplicity:1.00
0.100	0.700	0.100	0.100
0.100	0.100	0.700	0.100
0.100	0.100	0.100	0.700
0.100	0.700	0.100	0.100
0.100	0.100	0.100	0.700
0.100	0.700	0.100	0.100
0.100	0.100	0.700	0.100
0.700	0.100	0.100	0.100
0.100	0.100	0.700	0.100
0.100	0.100	0.700	0.100
>GGCTCCCTCG	21-GGCTCCCTCG	9.740711	-14.833766	0	T:8.0(20.00%),B:480.5(1.72%),P:1e-6	Tpos:134.2,Tstd:46.8,Bpos:112.3,Bstd:128.5,StrandBias:1.8,Multiplicity:1.12
0.001	0.300	0.698	0.001
0.001	0.001	0.997	0.001
0.001	0.734	0.264	0.001
0.001	0.001	0.001	0.997
0.001	0.997	0.001	0.001
0.001	0.997	0.001	0.001
0.001	0.997	0.001	0.001
0.001	0.001	0.001	0.997
0.001	0.997	0.001	0.001
0.001	0.001	0.789	0.209
>CGTCGGAGGG	22-CGTCGGAGGG	8.199788	-14.763587	0	T:7.0(17.50%),B:325.1(1.17%),P:1e-6	Tpos:130.4,Tstd:47.7,Bpos:91.7,Bstd:97.1,StrandBias:0.3,Multiplicity:1.50
0.001	0.997	0.001	0.001
0.001	0.001	0.997	0.001
0.001	0.001	0.001	0.997
0.001	0.744	0.254	0.001
0.001	0.001	0.997	0.001
0.001	0.001	0.997	0.001
0.914	0.001	0.071	0.014
0.001	0.001	0.997	0.001
0.001	0.001	0.997	0.001
0.001	0.001	0.997	0.001
>TCTGCCGCGT	23-TCTGCCGCGT	11.955226	-13.027927	0	T:3.0(7.50%),B:17.5(0.06%),P:1e-5	Tpos:115.3,Tstd:26.1,Bpos:94.0,Bstd:69.4,StrandBias:-10.0,Multiplicity:1.00
0.001	0.001	0.001	0.997
0.001	0.997	0.001	0.001
0.338	0.001	0.001	0.660
0.001	0.001	0.997	0.001
0.409	0.589	0.001	0.001
0.001	0.997	0.001	0.001
0.001	0.001	0.997	0.001
0.001	0.660	0.001	0.338
0.001	0.001	0.997	0.001
0.001	0.001	0.409	0.589
>CTGTCGACTY	24-CTGTCGACTY	10.107077	-12.857446	0	T:3.0(7.50%),B:19.0(0.07%),P:1e-5	Tpos:135.3,Tstd:26.1,Bpos:140.6,Bstd:48.5,StrandBias:10.0,Multiplicity:1.00
0.001	0.549	0.130	0.320
0.171	0.001	0.108	0.720
0.001	0.212	0.786	0.001
0.001	0.186	0.001	0.812
0.001	0.997	0.001	0.001
0.001	0.001	0.997	0.001
0.533	0.336	0.130	0.001
0.001	0.868	0.130	0.001
0.001	0.108	0.171	0.720
0.001	0.444	0.212	0.342
>CCGGCGCGAT	25-CCGGCGCGAT	10.031289	-12.386455	0	T:6.0(15.00%),B:298.2(1.07%),P:1e-5	Tpos:101.1,Tstd:48.7,Bpos:105.6,Bstd:123.6,StrandBias:1.0,Multiplicity:1.50
0.001	0.997	0.001	0.001
0.001	0.997	0.001	0.001
0.001	0.001	0.997	0.001
0.001	0.001	0.997	0.001
0.001	0.997	0.001	0.001
0.001	0.149	0.849	0.001
0.001	0.997	0.001	0.001
0.001	0.001	0.997	0.001
0.997	0.001	0.001	0.001
0.001	0.149	0.001	0.849
