>CGACTTCCCGTS	1-CGACTTCCCGTS	12.953822	-47.733778	0	T:12.0(30.00%),B:81.0(0.29%),P:1e-20	Tpos:102.4,Tstd:54.2,Bpos:91.5,Bstd:162.5,StrandBias:10.0,Multiplicity:1.33
0.001	0.997	0.001	0.001
0.001	0.001	0.997	0.001
0.603	0.001	0.395	0.001
0.032	0.574	0.393	0.001
0.001	0.001	0.001	0.997
0.001	0.363	0.001	0.635
0.001	0.997	0.001	0.001
0.001	0.997	0.001	0.001
0.001	0.997	0.001	0.001
0.001	0.001	0.789	0.209
0.001	0.001	0.001	0.997
0.210	0.396	0.393	0.001
>ACCCGTCGCCTC	2-ACCCGTCGCCTC	10.409522	-45.859849	0	T:14.0(35.00%),B:194.9(0.70%),P:1e-19	Tpos:79.3,Tstd:37.5,Bpos:109.0,Bstd:140.6,StrandBias:3.7,Multiplicity:1.00
0.700	0.100	0.100	0.100
0.100	0.700	0.100	0.100
0.100	0.700	0.100	0.100
0.100	0.700	0.100	0.100
0.100	0.100	0.700	0.100
0.100	0.100	0.100	0.700
0.100	0.700	0.100	0.100
0.100	0.100	0.700	0.100
0.100	0.700	0.100	0.100
0.100	0.700	0.100	0.100
0.100	0.100	0.100	0.700
0.100	0.700	0.100	0.100
>GGGCCGCCCGCA	3-GGGCCGCCCGCA	13.318337	-36.553422	0	T:8.0(20.00%),B:30.8(0.11%),P:1e-15	Tpos:79.5,Tstd:63.5,Bpos:97.5,Bstd:63.1,StrandBias:0.0,Multiplicity:1.00
0.001	0.001	0.997	0.001
0.001	0.001	0.997	0.001
0.001	0.001	0.997	0.001
0.001	0.796	0.001	0.202
0.001	0.997	0.001	0.001
0.001	0.001	0.796	0.202
0.001	0.997	0.001	0.001
0.001	0.997	0.001	0.001
0.001	0.997	0.001	0.001
0.001	0.044	0.954	0.001
0.001	0.997	0.001	0.001
0.954	0.001	0.044	0.001
>CCCCCCGGCAGC	4-CCCCCCGGCAGC	12.492197	-34.641855	0	T:10.0(25.00%),B:113.4(0.41%),P:1e-15	Tpos:66.4,Tstd:40.8,Bpos:110.4,Bstd:141.8,StrandBias:-2.0,Multiplicity:1.00
0.001	0.997	0.001	0.001
0.001	0.887	0.001	0.111
0.001	0.997	0.001	0.001
0.001	0.997	0.001	0.001
0.001	0.997	0.001	0.001
0.001	0.997	0.001	0.001
0.001	0.001	0.997	0.001
0.001	0.091	0.907	0.001
0.001	0.997	0.001	0.001
0.997	0.001	0.001	0.001
0.001	0.202	0.796	0.001
0.001	0.997	0.001	0.001
>CCTCTGGCTCTC	5-CCTCTGGCTCTC	12.540370	-28.933875	0	T:6.0(15.00%),B:18.9(0.07%),P:1e-12	Tpos:80.2,Tstd:51.3,Bpos:107.4,Bstd:36.9,StrandBias:2.3,Multiplicity:1.00
0.001	0.997	0.001	0.001
0.001	0.997	0.001	0.001
0.001	0.001	0.001	0.997
0.001	0.997	0.001	0.001
0.001	0.001	0.001	0.997
0.001	0.001	0.997	0.001
0.001	0.001	0.997	0.001
0.001	0.997	0.001	0.001
0.131	0.001	0.001	0.867
0.001	0.867	0.131	0.001
0.001	0.001	0.001	0.997
0.001	0.997	0.001	0.001
>GGGGGGCGGACG	6-GGGGGGCGGACG	12.563947	-26.858635	0	T:9.0(22.50%),B:166.7(0.60%),P:1e-11	Tpos:126.5,Tstd:54.1,Bpos:118.2,Bstd:163.6,StrandBias:-0.8,Multiplicity:1.22
0.001	0.067	0.931	0.001
0.001	0.001	0.997	0.001
0.001	0.001	0.997	0.001
0.001	0.001	0.997	0.001
0.001	0.001	0.997	0.001
0.001	0.224	0.774	0.001
0.001	0.914	0.084	0.001
0.001	0.001	0.997	0.001
0.001	0.001	0.997	0.001
0.997	0.001	0.001	0.001
0.001	0.997	0.001	0.001
0.001	0.001	0.997	0.001
>AGACGGAGAGGG	7-AGACGGAGAGGG	13.519248	-25.246184	0	T:7.0(17.50%),B:70.8(0.25%),P:1e-10	Tpos:114.5,Tstd:36.4,Bpos:73.1,Bstd:85.1,StrandBias:10.0,Multiplicity:1.57
0.997	0.001	0.001	0.001
0.001	0.001	0.997	0.001
0.730	0.001	0.001	0.268
0.001	0.997	0.001	0.001
0.001	0.001	0.997	0.001
0.001	0.001	0.997	0.001
0.634	0.001	0.364	0.001
0.001	0.001	0.997	0.001
0.997	0.001	0.001	0.001
0.001	0.001	0.997	0.001
0.001	0.268	0.730	0.001
0.001	0.001	0.997	0.001
>GGCYGTCTGMCG	8-GGCYGTCTGMCG	12.885058	-25.134660	0	T:6.0(15.00%),B:34.4(0.12%),P:1e-10	Tpos:83.5,Tstd:43.8,Bpos:145.6,Bstd:125.7,StrandBias:0.0,Multiplicity:1.00
0.001	0.163	0.835	0.001
0.001	0.001	0.997	0.001
0.001	0.994	0.001	0.004
0.001	0.528	0.001	0.470
0.001	0.004	0.994	0.001
0.001	0.144	0.017	0.838
0.001	0.657	0.341	0.001
0.001	0.037	0.290	0.672
0.001	0.001	0.997	0.001
0.509	0.470	0.020	0.001
0.001	0.639	0.359	0.001
0.001	0.195	0.803	0.001
>ATGGATCCCAGC	9-ATGGATCCCAGC	9.980713	-24.603929	0	T:5.0(12.50%),B:14.3(0.05%),P:1e-10	Tpos:70.7,Tstd:62.8,Bpos:115.6,Bstd:48.1,StrandBias:0.4,Multiplicity:1.40
0.997	0.001	0.001	0.001
0.001	0.001	0.001	0.997
0.001	0.001	0.997	0.001
0.001	0.001	0.997	0.001
0.898	0.001	0.100	0.001
0.001	0.001	0.001	0.997
0.001	0.997	0.001	0.001
0.001	0.997	0.001	0.001
0.031	0.867	0.101	0.001
0.997	0.001	0.001	0.001
0.001	0.131	0.867	0.001
0.001	0.997	0.001	0.001
>CGAGACCCTTTC	10-CGAGACCCTTTC	12.540370	-24.603929	0	T:5.0(12.50%),B:14.5(0.05%),P:1e-10	Tpos:152.2,Tstd:28.9,Bpos:67.7,Bstd:18.3,StrandBias:2.0,Multiplicity:1.00
0.001	0.997	0.001	0.001
0.001	0.001	0.997	0.001
0.867	0.131	0.001	0.001
0.001	0.001	0.997	0.001
0.997	0.001	0.001	0.001
0.001	0.867	0.001	0.131
0.001	0.997	0.001	0.001
0.001	0.997	0.001	0.001
0.001	0.001	0.001	0.997
0.001	0.001	0.001	0.997
0.001	0.001	0.001	0.997
0.001	0.997	0.001	0.001
>AAGAGAGAGCCG	11-AAGAGAGAGCCG	12.748362	-23.598136	0	T:6.0(15.00%),B:44.9(0.16%),P:1e-10	Tpos:136.8,Tstd:23.7,Bpos:76.8,Bstd:85.9,StrandBias:1.0,Multiplicity:1.00
0.997	0.001	0.001	0.001
0.721	0.001	0.277	0.001
0.001	0.277	0.721	0.001
0.797	0.201	0.001	0.001
0.001	0.001	0.997	0.001
0.997	0.001	0.001	0.001
0.001	0.001	0.997	0.001
0.997	0.001	0.001	0.001
0.001	0.001	0.997	0.001
0.001	0.997	0.001	0.001
0.001	0.997	0.001	0.001
0.001	0.201	0.797	0.001
>BTCTYCGGTTCS	12-BTCTYCGGTTCS	8.201164	-22.881301	0	T:9.0(22.50%),B:261.8(0.94%),P:1e-9	Tpos:139.4,Tstd:50.4,Bpos:100.9,Bstd:141.3,StrandBias:3.0,Multiplicity:1.00
0.058	0.269	0.348	0.325
0.057	0.270	0.209	0.464
0.001	0.903	0.039	0.057
0.027	0.144	0.136	0.693
0.033	0.276	0.266	0.425
0.072	0.756	0.095	0.077
0.084	0.244	0.671	0.001
0.047	0.184	0.611	0.158
0.102	0.195	0.181	0.522
0.001	0.296	0.254	0.449
0.033	0.727	0.159	0.081
0.077	0.459	0.399	0.065
>GCGCCCGGCGGM	13-GCGCCCGGCGGM	11.965999	-22.200857	0	T:8.0(20.00%),B:184.1(0.66%),P:1e-9	Tpos:81.6,Tstd:19.7,Bpos:116.2,Bstd:131.4,StrandBias:0.0,Multiplicity:1.00
0.001	0.096	0.813	0.090
0.093	0.692	0.001	0.214
0.150	0.001	0.771	0.078
0.010	0.812	0.118	0.060
0.001	0.919	0.001	0.079
0.001	0.997	0.001	0.001
0.001	0.199	0.799	0.001
0.001	0.210	0.699	0.090
0.001	0.855	0.143	0.001
0.085	0.001	0.574	0.340
0.096	0.079	0.824	0.001
0.493	0.416	0.001	0.090
>GAGCCGCCGCGT	14-GAGCCGCCGCGT	13.874852	-22.163705	0	T:6.0(15.00%),B:56.3(0.20%),P:1e-9	Tpos:79.5,Tstd:48.3,Bpos:117.2,Bstd:75.5,StrandBias:2.3,Multiplicity:1.00
0.001	0.347	0.651	0.001
0.997	0.001	0.001	0.001
0.001	0.362	0.636	0.001
0.001	0.997	0.001	0.001
0.001	0.997	0.001	0.001
0.001	0.001	0.997	0.001
0.001	0.997	0.001	0.001
0.001	0.736	0.262	0.001
0.001	0.001	0.997	0.001
0.001	0.997	0.001	0.001
0.001	0.288	0.710	0.001
0.001	0.262	0.001	0.736
>TCCCCCGCGGGG	15-TCCCCCGCGGGG	11.842732	-21.930100	0	T:10.0(25.00%),B:415.6(1.49%),P:1e-9	Tpos:92.7,Tstd:59.6,Bpos:101.1,Bstd:149.2,StrandBias:-0.4,Multiplicity:1.50
0.001	0.083	0.324	0.592
0.001	0.914	0.001	0.084
0.001	0.997	0.001	0.001
0.001	0.997	0.001	0.001
0.095	0.683	0.001	0.221
0.001	0.841	0.157	0.001
0.001	0.001	0.997	0.001
0.001	0.798	0.200	0.001
0.001	0.001	0.997	0.001
0.199	0.001	0.799	0.001
0.001	0.001	0.997	0.001
0.001	0.062	0.936	0.001
>CGGTCCCTCTGC	16-CGGTCCCTCTGC	13.029269	-20.615240	0	T:7.0(17.50%),B:137.2(0.49%),P:1e-8	Tpos:99.8,Tstd:47.2,Bpos:82.9,Bstd:202.8,StrandBias:0.0,Multiplicity:1.14
0.001	0.997	0.001	0.001
0.001	0.001	0.997	0.001
0.001	0.144	0.854	0.001
0.001	0.001	0.001	0.997
0.001	0.997	0.001	0.001
0.001	0.997	0.001	0.001
0.001	0.997	0.001	0.001
0.001	0.001	0.250	0.748
0.001	0.997	0.001	0.001
0.001	0.136	0.259	0.604
0.001	0.001	0.997	0.001
0.001	0.997	0.001	0.001
>CGCTAGGGCGTC	17-CGCTAGGGCGTC	15.285713	-20.188323	0	T:5.0(12.50%),B:34.3(0.12%),P:1e-8	Tpos:140.0,Tstd:7.2,Bpos:61.0,Bstd:64.4,StrandBias:10.0,Multiplicity:1.00
0.001	0.997	0.001	0.001
0.001	0.001	0.997	0.001
0.001	0.997	0.001	0.001
0.001	0.001	0.268	0.730
0.997	0.001	0.001	0.001
0.001	0.001	0.997	0.001
0.001	0.001	0.997	0.001
0.001	0.001	0.997	0.001
0.001	0.997	0.001	0.001
0.001	0.001	0.997	0.001
0.001	0.001	0.001	0.997
0.001	0.997	0.001	0.001
>CCGCCGCAACCT	18-CCGCCGCAACCT	12.355432	-19.595110	0	T:4.0(10.00%),B:12.8(0.05%),P:1e-8	Tpos:81.0,Tstd:14.2,Bpos:107.7,Bstd:37.0,StrandBias:1.6,Multiplicity:1.00
0.100	0.700	0.100	0.100
0.100	0.700	0.100	0.100
0.100	0.100	0.700	0.100
0.100	0.700	0.100	0.100
0.100	0.700	0.100	0.100
0.100	0.100	0.700	0.100
0.100	0.700	0.100	0.100
0.700	0.100	0.100	0.100
0.700	0.100	0.100	0.100
0.100	0.700	0.100	0.100
0.100	0.700	0.100	0.100
0.100	0.100	0.100	0.700
>CYTTTTTTHARR	19-CYTTTTTTHARR	7.647159	-19.418493	0	T:6.0(15.00%),B:89.0(0.32%),P:1e-8	Tpos:104.3,Tstd:55.8,Bpos:97.3,Bstd:74.5,StrandBias:1.3,Multiplicity:1.00
0.366	0.632	0.001	0.001
0.026	0.467	0.140	0.367
0.360	0.001	0.106	0.533
0.001	0.001	0.001	0.997
0.001	0.001	0.106	0.892
0.001	0.001	0.001	0.997
0.001	0.001	0.001	0.997
0.366	0.001	0.001	0.632
0.393	0.246	0.001	0.360
0.997	0.001	0.001	0.001
0.492	0.139	0.367	0.001
0.360	0.001	0.499	0.139
>GCCGAVWYCGTK	20-GCCGAVWYCGTK	10.784518	-19.275972	0	T:4.0(10.00%),B:13.2(0.05%),P:1e-8	Tpos:50.0,Tstd:32.9,Bpos:160.7,Bstd:13.9,StrandBias:10.0,Multiplicity:1.00
0.001	0.001	0.997	0.001
0.001	0.864	0.001	0.134
0.001	0.914	0.084	0.001
0.001	0.001	0.997	0.001
0.554	0.308	0.137	0.001
0.213	0.262	0.362	0.162
0.326	0.118	0.146	0.410
0.001	0.385	0.102	0.512
0.001	0.843	0.155	0.001
0.001	0.404	0.594	0.001
0.001	0.072	0.260	0.667
0.007	0.167	0.382	0.443
>ACCGCCGCCCCA	21-ACCGCCGCCCCA	12.355432	-18.980572	0	T:4.0(10.00%),B:14.4(0.05%),P:1e-8	Tpos:89.5,Tstd:27.9,Bpos:99.6,Bstd:34.6,StrandBias:1.6,Multiplicity:1.00
0.700	0.100	0.100	0.100
0.100	0.700	0.100	0.100
0.100	0.700	0.100	0.100
0.100	0.100	0.700	0.100
0.100	0.700	0.100	0.100
0.100	0.700	0.100	0.100
0.100	0.100	0.700	0.100
0.100	0.700	0.100	0.100
0.100	0.700	0.100	0.100
0.100	0.700	0.100	0.100
0.100	0.700	0.100	0.100
0.700	0.100	0.100	0.100
>TCCGTCCGSCCV	22-TCCGTCCGSCCV	12.199781	-18.416831	0	T:7.0(17.50%),B:189.2(0.68%),P:1e-7	Tpos:109.1,Tstd:50.2,Bpos:121.2,Bstd:148.8,StrandBias:0.6,Multiplicity:1.00
0.001	0.136	0.122	0.741
0.001	0.928	0.070	0.001
0.001	0.917	0.081	0.001
0.001	0.086	0.912	0.001
0.001	0.001	0.291	0.707
0.001	0.912	0.001	0.086
0.136	0.862	0.001	0.001
0.001	0.132	0.866	0.001
0.001	0.396	0.425	0.178
0.001	0.912	0.001	0.086
0.001	0.739	0.259	0.001
0.259	0.363	0.377	0.001
>GTCGGGCCGGCG	23-GTCGGGCCGGCG	14.601924	-18.169386	0	T:6.0(15.00%),B:110.9(0.40%),P:1e-7	Tpos:95.4,Tstd:47.0,Bpos:98.0,Bstd:171.6,StrandBias:1.0,Multiplicity:1.50
0.001	0.001	0.997	0.001
0.126	0.001	0.100	0.773
0.001	0.997	0.001	0.001
0.001	0.001	0.997	0.001
0.001	0.001	0.997	0.001
0.001	0.001	0.997	0.001
0.001	0.997	0.001	0.001
0.001	0.737	0.261	0.001
0.001	0.001	0.997	0.001
0.001	0.001	0.997	0.001
0.001	0.762	0.236	0.001
0.001	0.001	0.997	0.001
>CCCTGCGGGGTC	24-CCCTGCGGGGTC	12.143236	-17.448634	0	T:8.0(20.00%),B:340.2(1.22%),P:1e-7	Tpos:63.9,Tstd:46.6,Bpos:108.4,Bstd:178.4,StrandBias:2.8,Multiplicity:1.00
0.178	0.616	0.205	0.001
0.001	0.997	0.001	0.001
0.001	0.691	0.307	0.001
0.001	0.140	0.327	0.532
0.001	0.177	0.821	0.001
0.001	0.997	0.001	0.001
0.001	0.121	0.877	0.001
0.001	0.122	0.690	0.187
0.001	0.001	0.997	0.001
0.001	0.307	0.691	0.001
0.001	0.140	0.001	0.858
0.001	0.858	0.140	0.001
>GGCCGGGCCACC	25-GGCCGGGCCACC	14.394261	-17.057075	0	T:5.0(12.50%),B:64.4(0.23%),P:1e-7	Tpos:133.4,Tstd:65.3,Bpos:115.7,Bstd:123.7,StrandBias:0.6,Multiplicity:1.00
0.001	0.001	0.997	0.001
0.001	0.258	0.740	0.001
0.001	0.718	0.280	0.001
0.001	0.997	0.001	0.001
0.001	0.398	0.600	0.001
0.001	0.154	0.844	0.001
0.001	0.001	0.997	0.001
0.001	0.740	0.258	0.001
0.001	0.718	0.280	0.001
0.755	0.243	0.001	0.001
0.001	0.997	0.001	0.001
0.001	0.997	0.001	0.001
